,uid,lat,lng,venueID,venue_descr,time,city_name,First_Category,Second_Category,step,epoch,city,simulation_state
0,936,40.66577068520274,-73.9425520561601,3101,Sushi Restaurant,2012-04-20 20:20:07+00:00,New York City,Dining and Drinking,Restaurant,,,,
1,936,40.66618063755827,-73.94242576842252,7905,Drugstore / Pharmacy,2012-04-20 20:20:43+00:00,New York City,Retail,Pharmacy,,,,
2,936,40.666080682900414,-73.94258649825603,15028,Other Great Outdoors,2012-04-20 20:20:58+00:00,New York City,Landmarks and Outdoors,Other Great Outdoors,,,,
3,936,40.66409703053375,-73.9440847234983,3181,Burger Joint,2012-04-20 20:21:17+00:00,New York City,Dining and Drinking,Restaurant,,,,
4,936,40.67003926666667,-73.944317,4313,Food & Drink Shop,2012-04-27 12:10:03+00:00,New York City,Retail,Food and Beverage Retail,,,,
5,936,40.67003605694326,-73.94516963798532,5615,General College & University,2012-04-27 12:10:19+00:00,New York City,Community and Government,Education,,,,
6,936,40.67001796521196,-73.9442110101535,5615,General College & University,2012-06-01 12:47:36+00:00,New York City,Community and Government,Education,,,,
7,936,40.669202,-73.94220592,3902,Museum,2012-06-01 12:49:56+00:00,New York City,Arts and Entertainment,Museum,,,,
8,936,40.66464162434732,-73.94570922281969,3295,Synagogue,2012-06-08 00:45:34+00:00,New York City,Community and Government,Spiritual Center,,,,
9,936,40.66378385341979,-73.9454738721727,29038,Food & Drink Shop,2012-06-08 00:45:47+00:00,New York City,Retail,Food and Beverage Retail,,,,
10,936,40.66417393495036,-73.94748869405474,32456,Other Great Outdoors,2012-06-08 00:45:53+00:00,New York City,Dining and Drinking,Vineyard,,,,
11,936,40.66440347280472,-73.94580680715033,32594,Other Great Outdoors,2012-06-08 00:46:06+00:00,New York City,Landmarks and Outdoors,Farm,,,,
12,936,40.67003926666667,-73.944317,4313,Food & Drink Shop,2012-06-15 11:18:16+00:00,New York City,Retail,Food and Beverage Retail,,,,
13,936,40.6699379490151,-73.9441306459279,32264,Medical Center,2012-06-15 11:18:45+00:00,New York City,Health and Medicine,Physician,,,,
14,936,40.67001796521196,-73.9442110101535,5615,General College & University,2012-06-15 11:18:54+00:00,New York City,Community and Government,Education,,,,
15,936,40.750638177173855,-73.94509077072144,28425,Building,2012-06-15 12:47:19+00:00,New York City,Landmarks and Outdoors,Structure,,,,
16,936,40.75116766657681,-73.9441765683466,30699,General Entertainment,2012-06-15 12:47:45+00:00,New York City,Arts and Entertainment,General Entertainment,,,,
17,936,40.75080904555474,-73.94578384613578,8688,Indian Restaurant,2012-06-15 12:47:55+00:00,New York City,Dining and Drinking,Restaurant,,,,
18,936,40.75080904555474,-73.94578384613578,8688,Indian Restaurant,2012-06-15 12:48:15+00:00,New York City,Dining and Drinking,Restaurant,,,,
19,936,40.67480280341614,-73.93054861280804,31125,Government Building,2012-05-04 05:06:41+00:00,New York City,Community and Government,Government Building,,,,
20,936,40.6683663,-73.94222,3331,Food & Drink Shop,2012-05-04 05:06:53+00:00,New York City,Retail,Food and Beverage Retail,,,,
21,936,40.654802,-74.00699185,17522,Food & Drink Shop,2012-05-04 21:12:45+00:00,New York City,Retail,Food and Beverage Retail,,,,
22,936,40.66436017920261,-73.94593883293109,3295,Synagogue,2012-05-11 00:14:27+00:00,New York City,Community and Government,Spiritual Center,,,,
23,936,40.66378385341979,-73.9454738721727,29038,Food & Drink Shop,2012-05-11 00:15:12+00:00,New York City,Retail,Food and Beverage Retail,,,,
24,936,40.66417393495036,-73.94748869405474,32456,Other Great Outdoors,2012-05-11 00:15:51+00:00,New York City,Dining and Drinking,Vineyard,,,,
25,936,40.67003605694326,-73.94516963798532,5615,General College & University,2012-05-11 11:18:53+00:00,New York City,Community and Government,Education,,,,
26,936,40.67003926666667,-73.944317,4313,Food & Drink Shop,2012-05-11 11:20:39+00:00,New York City,Retail,Food and Beverage Retail,,,,
27,936,40.669202,-73.94220592,3902,Museum,2012-05-11 11:21:49+00:00,New York City,Arts and Entertainment,Museum,,,,
28,936,40.664255639943526,-73.94426841315133,3181,Burger Joint,2012-10-19 00:15:14+00:00,New York City,Dining and Drinking,Restaurant,,,,
29,936,40.66440347280472,-73.94580680715033,32594,Other Great Outdoors,2012-04-23 00:00:18+00:00,New York City,Landmarks and Outdoors,Farm,,,,
30,936,40.66409703053375,-73.9440847234983,3181,Burger Joint,2012-07-09 04:56:04+00:00,New York City,Dining and Drinking,Restaurant,,,,
31,936,40.67003926666667,-73.944317,4313,Food & Drink Shop,2012-07-09 04:56:43+00:00,New York City,Retail,Food and Beverage Retail,,,,
32,936,40.67001796521196,-73.9442110101535,5615,General College & University,2012-07-09 04:56:55+00:00,New York City,Community and Government,Education,,,,
33,936,40.67001796521196,-73.9442110101535,5615,General College & University,2012-06-04 14:16:08+00:00,New York City,Community and Government,Education,,,,
34,936,40.67003926666667,-73.944317,4313,Food & Drink Shop,2012-06-04 14:16:35+00:00,New York City,Retail,Food and Beverage Retail,,,,
35,936,40.714029,-73.93356178333333,19194,Gas Station / Garage,2012-06-11 18:01:34+00:00,New York City,Travel and Transportation,Fuel Station,,,,
36,936,40.70938341753396,-73.9398712942292,28830,Building,2012-06-11 18:06:57+00:00,New York City,Landmarks and Outdoors,Structure,,,,
37,936,40.66257834434509,-73.9364,29005,General Travel,2012-06-18 01:08:05+00:00,New York City,Travel and Transportation,General Travel,,,,
38,936,40.66399702827041,-73.94252335440878,13771,Other Great Outdoors,2012-06-18 01:08:32+00:00,New York City,Landmarks and Outdoors,Other Great Outdoors,,,,
39,936,40.65378295079248,-73.93064975738525,20735,Neighborhood,2012-06-18 01:09:03+00:00,New York City,Landmarks and Outdoors,States and Municipalities,,,,
40,936,40.65378295079248,-73.93064975738525,20735,Neighborhood,2012-06-18 01:09:31+00:00,New York City,Landmarks and Outdoors,States and Municipalities,,,,
41,936,40.67003926666667,-73.944317,4313,Food & Drink Shop,2012-06-18 03:14:51+00:00,New York City,Retail,Food and Beverage Retail,,,,
42,936,40.6699379490151,-73.9441306459279,32264,Medical Center,2012-06-18 03:15:06+00:00,New York City,Health and Medicine,Physician,,,,
43,936,40.66996475914178,-73.94435451761618,31476,Clothing Store,2012-06-18 03:15:14+00:00,New York City,Retail,Fashion Retail,,,,
44,936,40.67111791803187,-73.94399642944336,17032,Drugstore / Pharmacy,2012-06-18 03:15:23+00:00,New York City,Retail,Pharmacy,,,,
45,936,40.67822964792386,-73.74680042266846,27208,Neighborhood,2012-06-18 14:10:00+00:00,New York City,Landmarks and Outdoors,States and Municipalities,,,,
46,936,40.68654,-73.73778,4018,Cemetery,2012-06-18 14:10:22+00:00,New York City,Community and Government,Cemetery,,,,
47,936,40.692503298814366,-73.97771423872803,9479,Medical Center,2012-06-18 19:20:33+00:00,New York City,Health and Medicine,Medical Center,,,,
48,936,40.692584,-73.979145,24398,Laundry Service,2012-06-18 19:21:27+00:00,New York City,Business and Professional Services,Laundry Service,,,,
49,936,40.69252854027529,-73.97745023056954,22748,Playground,2012-06-18 19:22:24+00:00,New York City,Landmarks and Outdoors,Park,,,,
50,936,40.66361729546848,-73.9399861027813,34441,Office,2012-05-07 22:47:40+00:00,New York City,Business and Professional Services,Office,,,,
51,936,40.66436017920261,-73.94593883293109,3295,Synagogue,2012-05-14 00:28:38+00:00,New York City,Community and Government,Spiritual Center,,,,
52,936,40.66417393495036,-73.94748869405474,32456,Other Great Outdoors,2012-05-14 00:28:54+00:00,New York City,Dining and Drinking,Vineyard,,,,
53,936,40.66925130880315,-73.94231670167379,3024,Synagogue,2012-05-21 15:17:45+00:00,New York City,Community and Government,Spiritual Center,,,,
54,936,40.67480280341614,-73.93054861280804,31125,Government Building,2012-04-22 01:59:33+00:00,New York City,Community and Government,Government Building,,,,
55,936,40.6747675075602,-73.93060601985327,16091,Government Building,2012-04-22 01:59:46+00:00,New York City,Community and Government,Government Building,,,,
56,936,40.6747675075602,-73.93060601985327,16091,Government Building,2012-04-22 01:59:56+00:00,New York City,Community and Government,Government Building,,,,
57,936,40.6747675075602,-73.93060601985327,16091,Government Building,2012-04-22 02:00:30+00:00,New York City,Community and Government,Government Building,,,,
58,936,40.67003605694326,-73.94516963798532,5615,General College & University,2012-04-22 09:04:59+00:00,New York City,Community and Government,Education,,,,
59,936,40.67003926666667,-73.944317,4313,Food & Drink Shop,2012-04-22 09:05:38+00:00,New York City,Retail,Food and Beverage Retail,,,,
60,936,40.66925130880315,-73.94231670167379,3024,Synagogue,2012-04-22 09:06:01+00:00,New York City,Community and Government,Spiritual Center,,,,
61,936,40.67003926666667,-73.944317,4313,Food & Drink Shop,2012-04-22 16:48:21+00:00,New York City,Retail,Food and Beverage Retail,,,,
62,936,40.6716389935202,-73.96381202180841,1280,Art Museum,2012-04-22 16:49:07+00:00,New York City,Arts and Entertainment,Museum,,,,
63,936,40.666080682900414,-73.94258649825603,15028,Other Great Outdoors,2012-04-22 16:49:40+00:00,New York City,Landmarks and Outdoors,Other Great Outdoors,,,,
64,936,40.66436017920261,-73.94593883293109,3295,Synagogue,2012-04-22 23:55:46+00:00,New York City,Community and Government,Spiritual Center,,,,
65,936,40.66417393495036,-73.94748869405474,32456,Other Great Outdoors,2012-04-22 23:58:11+00:00,New York City,Dining and Drinking,Vineyard,,,,
66,936,40.66577068520274,-73.9425520561601,3101,Sushi Restaurant,2012-04-22 23:59:24+00:00,New York City,Dining and Drinking,Restaurant,,,,
67,936,40.66411280618978,-73.9482693601398,19120,Government Building,2012-04-22 23:59:44+00:00,New York City,Community and Government,Government Building,,,,
68,936,40.75699374459088,-73.98907899856567,1786,Movie Theater,2012-04-29 04:51:17+00:00,New York City,Arts and Entertainment,Movie Theater,,,,
69,936,40.66436017920261,-73.94593883293109,3295,Synagogue,2012-04-29 14:41:03+00:00,New York City,Community and Government,Spiritual Center,,,,
70,936,40.81314373457883,-74.01326019439458,28508,Video Store,2012-07-08 19:52:50+00:00,New York City,Retail,Video Store,,,,
71,936,40.81328954943149,-74.01201725006104,17247,Video Game Store,2012-07-08 19:53:00+00:00,New York City,Retail,Computers and Electronics Retail,,,,
72,936,40.81241257828052,-74.015793800354,13106,Miscellaneous Shop,2012-07-08 19:53:09+00:00,New York City,Retail,Miscellaneous Store,,,,
73,936,40.81328954943149,-74.01137351989746,12732,American Restaurant,2012-07-08 19:53:20+00:00,New York City,Dining and Drinking,Restaurant,,,,
74,936,40.813094667955234,-74.01236057281494,10849,Burger Joint,2012-07-08 19:53:38+00:00,New York City,Dining and Drinking,Restaurant,,,,
75,936,40.66440347280472,-73.94580680715033,32594,Other Great Outdoors,2012-07-29 15:15:48+00:00,New York City,Landmarks and Outdoors,Farm,,,,
76,936,40.66419947417072,-73.9454738721727,29038,Food & Drink Shop,2012-07-29 15:16:02+00:00,New York City,Retail,Food and Beverage Retail,,,,
77,936,40.66417393495036,-73.94717298261078,32456,Other Great Outdoors,2012-07-29 15:16:12+00:00,New York City,Dining and Drinking,Vineyard,,,,
78,936,40.66409703053375,-73.9440847234983,3181,Burger Joint,2012-07-29 15:16:38+00:00,New York City,Dining and Drinking,Restaurant,,,,
79,936,40.67001796521196,-73.9442110101535,5615,General College & University,2012-07-29 16:23:27+00:00,New York City,Community and Government,Education,,,,
80,936,40.67003926666667,-73.944317,4313,Food & Drink Shop,2012-07-29 16:23:40+00:00,New York City,Retail,Food and Beverage Retail,,,,
81,936,40.66979964220025,-73.95051956176758,5103,Other Great Outdoors,2012-06-03 10:02:39+00:00,New York City,Landmarks and Outdoors,Other Great Outdoors,,,,
82,936,40.67001796521196,-73.9442110101535,5615,General College & University,2012-06-03 10:03:18+00:00,New York City,Community and Government,Education,,,,
83,936,40.67003926666667,-73.944317,4313,Food & Drink Shop,2012-06-03 10:03:35+00:00,New York City,Retail,Food and Beverage Retail,,,,
84,936,40.66996475914178,-73.94435451761618,31476,Clothing Store,2012-06-03 10:03:51+00:00,New York City,Retail,Fashion Retail,,,,
85,936,40.67111791803187,-73.94399642944336,17032,Drugstore / Pharmacy,2012-06-03 10:04:09+00:00,New York City,Retail,Pharmacy,,,,
86,936,40.67003926666667,-73.944317,4313,Food & Drink Shop,2012-06-03 16:16:16+00:00,New York City,Retail,Food and Beverage Retail,,,,
87,936,40.6699379490151,-73.9441306459279,32264,Medical Center,2012-06-03 16:16:54+00:00,New York City,Health and Medicine,Physician,,,,
88,936,40.76393850093645,-73.97308830420383,1652,Electronics Store,2012-06-03 21:45:09+00:00,New York City,Retail,Computers and Electronics Retail,,,,
89,936,40.66440347280472,-73.94580680715033,32594,Other Great Outdoors,2012-06-17 16:59:16+00:00,New York City,Landmarks and Outdoors,Farm,,,,
90,936,40.67003926666667,-73.944317,4313,Food & Drink Shop,2012-06-17 19:02:02+00:00,New York City,Retail,Food and Beverage Retail,,,,
91,936,40.67001796521196,-73.9442110101535,5615,General College & University,2012-06-17 19:02:16+00:00,New York City,Community and Government,Education,,,,
92,936,40.66436017920261,-73.94593883293109,3295,Synagogue,2012-04-05 10:59:50+00:00,New York City,Community and Government,Spiritual Center,,,,
93,936,40.66983925667895,-73.94427989374886,5615,General College & University,2012-04-05 11:00:13+00:00,New York City,Community and Government,Education,,,,
94,936,40.67003926666667,-73.944317,4313,Food & Drink Shop,2012-04-05 11:00:24+00:00,New York City,Retail,Food and Beverage Retail,,,,
95,936,40.66409703053375,-73.9440847234983,3181,Burger Joint,2012-04-26 00:13:14+00:00,New York City,Dining and Drinking,Restaurant,,,,
96,936,40.67003926666667,-73.944317,4313,Food & Drink Shop,2012-07-12 11:20:26+00:00,New York City,Retail,Food and Beverage Retail,,,,
97,936,40.67001796521196,-73.9442110101535,5615,General College & University,2012-07-12 11:20:45+00:00,New York City,Community and Government,Education,,,,
98,936,40.70818573102571,-73.92628896267604,12909,Building,2012-07-12 18:28:25+00:00,New York City,Landmarks and Outdoors,Structure,,,,
99,936,40.66417393495036,-73.94748869405474,32456,Other Great Outdoors,2012-06-07 00:07:33+00:00,New York City,Dining and Drinking,Vineyard,,,,
100,936,40.66378385341979,-73.9454738721727,29038,Food & Drink Shop,2012-06-07 00:08:27+00:00,New York City,Retail,Food and Beverage Retail,,,,
101,936,40.67001796521196,-73.9442110101535,5615,General College & University,2012-06-07 02:34:42+00:00,New York City,Community and Government,Education,,,,
102,936,40.67003926666667,-73.944317,4313,Food & Drink Shop,2012-06-07 02:35:02+00:00,New York City,Retail,Food and Beverage Retail,,,,
103,936,40.67003926666667,-73.944317,4313,Food & Drink Shop,2012-06-07 14:08:57+00:00,New York City,Retail,Food and Beverage Retail,,,,
104,936,40.67001796521196,-73.9442110101535,5615,General College & University,2012-06-07 14:09:20+00:00,New York City,Community and Government,Education,,,,
105,936,40.67459926586111,-73.9441765683466,2611,Museum,2012-06-07 14:10:01+00:00,New York City,Arts and Entertainment,Museum,,,,
106,936,40.69377127,-73.955875,9649,Laundry Service,2012-06-07 19:51:51+00:00,New York City,Business and Professional Services,Laundry Service,,,,
107,936,40.69735224918583,-73.9632047317608,2485,Playground,2012-06-07 19:52:47+00:00,New York City,Landmarks and Outdoors,Park,,,,
108,936,40.69454785,-73.95620584487915,8370,Chinese Restaurant,2012-06-07 19:52:56+00:00,New York City,Dining and Drinking,Restaurant,,,,
109,936,40.71594005221216,-73.98682594299316,14909,Neighborhood,2012-06-07 20:29:48+00:00,New York City,Landmarks and Outdoors,States and Municipalities,,,,
110,936,40.71594005221216,-73.98682594299316,14909,Neighborhood,2012-06-07 20:30:00+00:00,New York City,Landmarks and Outdoors,States and Municipalities,,,,
111,936,40.71634715765722,-73.98372319595289,9553,Government Building,2012-06-07 20:30:06+00:00,New York City,Community and Government,Government Building,,,,
112,936,40.67003926666667,-73.944317,4313,Food & Drink Shop,2012-06-21 11:32:04+00:00,New York City,Retail,Food and Beverage Retail,,,,
113,936,40.67001796521196,-73.9442110101535,5615,General College & University,2012-06-21 11:32:19+00:00,New York City,Community and Government,Education,,,,
114,936,40.67001796521196,-73.9442110101535,5615,General College & University,2012-05-31 14:53:00+00:00,New York City,Community and Government,Education,,,,
115,936,40.66361729546848,-73.9399861027813,34441,Office,2012-05-31 15:21:04+00:00,New York City,Business and Professional Services,Office,,,,
116,936,40.66399702827041,-73.94252335440878,13771,Other Great Outdoors,2012-05-31 15:22:04+00:00,New York City,Landmarks and Outdoors,Other Great Outdoors,,,,
117,936,40.6626,-73.94076652,18596,Playground,2012-05-31 15:22:48+00:00,New York City,Landmarks and Outdoors,Park,,,,
118,936,40.66312445092147,-73.9403420088603,27683,Park,2012-05-31 15:23:38+00:00,New York City,Landmarks and Outdoors,Park,,,,
119,936,40.723955,-73.991829,2016,Food & Drink Shop,2012-05-31 19:20:02+00:00,New York City,Retail,Food and Beverage Retail,,,,
120,936,40.7242915,-73.99289022,30790,Coffee Shop,2012-05-31 19:20:43+00:00,New York City,Dining and Drinking,"Cafe, Coffee, and Tea House",,,,
121,936,40.66436017920261,-73.94593883293109,3295,Synagogue,2012-04-03 23:29:52+00:00,New York City,Community and Government,Spiritual Center,,,,
122,936,40.66436017920261,-73.94593883293109,3295,Synagogue,2012-04-10 00:36:25+00:00,New York City,Community and Government,Spiritual Center,,,,
123,936,40.70818573102571,-73.92628896267604,12909,Building,2012-04-17 17:51:05+00:00,New York City,Landmarks and Outdoors,Structure,,,,
124,936,40.67003926666667,-73.944317,4313,Food & Drink Shop,2012-07-17 11:50:44+00:00,New York City,Retail,Food and Beverage Retail,,,,
125,936,40.67001796521196,-73.9442110101535,5615,General College & University,2012-07-17 11:51:02+00:00,New York City,Community and Government,Education,,,,
126,936,40.669202,-73.94220592,3902,Museum,2012-07-17 11:51:53+00:00,New York City,Arts and Entertainment,Museum,,,,
127,936,40.6699379490151,-73.9441306459279,32264,Medical Center,2012-07-17 11:54:41+00:00,New York City,Health and Medicine,Physician,,,,
128,936,40.67001796521196,-73.9442110101535,5615,General College & University,2012-06-12 04:56:26+00:00,New York City,Community and Government,Education,,,,
129,936,40.66996475914178,-73.94435451761618,31476,Clothing Store,2012-06-12 04:56:43+00:00,New York City,Retail,Fashion Retail,,,,
130,936,40.6699379490151,-73.9441306459279,32264,Medical Center,2012-06-12 04:56:58+00:00,New York City,Health and Medicine,Physician,,,,
131,936,40.67111791803187,-73.94399642944336,17032,Drugstore / Pharmacy,2012-06-12 04:57:13+00:00,New York City,Retail,Pharmacy,,,,
132,936,40.669202,-73.94220592,3902,Museum,2012-06-12 12:59:42+00:00,New York City,Arts and Entertainment,Museum,,,,
133,936,40.62513731542106,-73.96179275146619,18301,Office,2012-06-12 15:06:49+00:00,New York City,Business and Professional Services,Office,,,,
134,936,40.62515710641076,-73.96192476632201,13956,Donut Shop,2012-06-12 15:06:59+00:00,New York City,Dining and Drinking,Donut Shop,,,,
135,936,40.66436017920261,-73.94593883293109,3295,Synagogue,2012-05-08 11:09:56+00:00,New York City,Community and Government,Spiritual Center,,,,
136,936,40.67003605694326,-73.94516963798532,5615,General College & University,2012-05-08 11:10:07+00:00,New York City,Community and Government,Education,,,,
137,936,40.66577068520274,-73.9425520561601,3101,Sushi Restaurant,2012-05-08 11:10:15+00:00,New York City,Dining and Drinking,Restaurant,,,,
138,936,40.62513731542106,-73.96179275146619,18301,Office,2012-05-08 16:40:59+00:00,New York City,Business and Professional Services,Office,,,,
139,936,40.62515710641076,-73.96192476632201,13956,Donut Shop,2012-05-08 16:41:55+00:00,New York City,Dining and Drinking,Donut Shop,,,,
140,936,40.62517395031003,-73.96203956177538,19952,Drugstore / Pharmacy,2012-05-08 16:43:19+00:00,New York City,Retail,Pharmacy,,,,
141,936,40.696097351538974,-73.97011525037209,8676,Automotive Shop,2012-05-08 20:06:47+00:00,New York City,Retail,Automotive Shop,,,,
142,936,40.695239,-73.970118,30253,Caf�,2012-05-08 20:09:09+00:00,New York City,Dining and Drinking,"Cafe, Coffee, and Tea House",,,,
143,936,40.6959672869762,-73.96989714809072,30254,Casino,2012-05-08 20:10:27+00:00,New York City,Arts and Entertainment,Casino,,,,
144,936,40.63204,-73.974525,16917,Restaurant,2012-10-23 19:24:44+00:00,New York City,Dining and Drinking,Restaurant,,,,
145,936,40.66436017920261,-73.94593883293109,3295,Synagogue,2012-04-04 12:25:29+00:00,New York City,Community and Government,Spiritual Center,,,,
146,936,40.66436017920261,-73.94593883293109,3295,Synagogue,2012-04-04 23:31:24+00:00,New York City,Community and Government,Spiritual Center,,,,
147,936,40.66139298647552,-73.96108746528625,4607,Miscellaneous Shop,2012-07-04 18:33:08+00:00,New York City,Retail,Miscellaneous Store,,,,
148,936,40.65558767460618,-73.96226341271294,31871,Park,2012-07-04 18:33:37+00:00,New York City,Landmarks and Outdoors,Park,,,,
149,936,40.6626,-73.94076652,18596,Playground,2012-06-06 15:21:44+00:00,New York City,Landmarks and Outdoors,Park,,,,
150,936,40.66312445092147,-73.9403420088603,27683,Park,2012-06-06 15:22:02+00:00,New York City,Landmarks and Outdoors,Park,,,,
151,936,40.6626,-73.94076652,18596,Playground,2012-06-06 15:22:13+00:00,New York City,Landmarks and Outdoors,Park,,,,
152,936,40.66322512660545,-73.94018127716367,32073,Miscellaneous Shop,2012-06-06 15:22:21+00:00,New York City,Retail,Miscellaneous Store,,,,
153,936,40.66399702827041,-73.94252335440878,13771,Other Great Outdoors,2012-06-06 15:22:36+00:00,New York City,Landmarks and Outdoors,Other Great Outdoors,,,,
154,936,40.65378295079248,-73.93064975738525,20735,Neighborhood,2012-06-06 15:23:58+00:00,New York City,Landmarks and Outdoors,States and Municipalities,,,,
155,936,40.66318498286832,-73.9408414243522,33918,Laundry Service,2012-06-06 15:24:32+00:00,New York City,Business and Professional Services,Laundry Service,,,,
156,936,40.653185,-73.892384,26866,Athletic & Sport,2012-06-06 17:39:15+00:00,New York City,Sports and Recreation,Baseball,,,,
157,936,40.656365,-73.895137,34194,Factory,2012-06-06 17:39:41+00:00,New York City,Business and Professional Services,Factory,,,,
158,936,40.63589846153105,-73.93297691598298,35440,Middle School,2012-06-06 21:00:52+00:00,New York City,Community and Government,Education,,,,
159,936,40.752067,-73.987573,4537,Pizza Place,2012-06-13 01:53:45+00:00,New York City,Dining and Drinking,Restaurant,,,,
160,936,40.67003926666667,-73.944317,4313,Food & Drink Shop,2012-06-13 05:29:33+00:00,New York City,Retail,Food and Beverage Retail,,,,
161,936,40.67001796521196,-73.9442110101535,5615,General College & University,2012-06-13 05:29:44+00:00,New York City,Community and Government,Education,,,,
162,936,40.66478964503644,-73.86288839498494,26401,Post Office,2012-06-27 14:59:14+00:00,New York City,Community and Government,Government Building,,,,
163,936,40.66409703053375,-73.9440847234983,3181,Burger Joint,2012-05-09 01:16:17+00:00,New York City,Dining and Drinking,Restaurant,,,,
164,936,40.67003926666667,-73.944317,4313,Food & Drink Shop,2012-05-09 01:17:04+00:00,New York City,Retail,Food and Beverage Retail,,,,
165,936,40.67111791803187,-73.94399642944336,17032,Drugstore / Pharmacy,2012-05-09 01:19:07+00:00,New York City,Retail,Pharmacy,,,,
166,936,40.67003605694326,-73.94516963798532,5615,General College & University,2012-05-09 12:09:09+00:00,New York City,Community and Government,Education,,,,
167,936,40.67003926666667,-73.944317,4313,Food & Drink Shop,2012-05-09 12:09:25+00:00,New York City,Retail,Food and Beverage Retail,,,,
168,936,40.6699379490151,-73.9441306459279,32264,Medical Center,2012-05-09 12:09:37+00:00,New York City,Health and Medicine,Physician,,,,
169,936,40.66996475914178,-73.94435451761618,31476,Clothing Store,2012-05-09 12:09:47+00:00,New York City,Retail,Fashion Retail,,,,
170,936,40.66361729546848,-73.9399861027813,34441,Office,2012-05-09 15:38:44+00:00,New York City,Business and Professional Services,Office,,,,
171,936,40.65378295079248,-73.93064975738525,20735,Neighborhood,2012-05-09 15:39:23+00:00,New York City,Landmarks and Outdoors,States and Municipalities,,,,
172,936,40.66257834434509,-73.9364,29005,General Travel,2012-05-09 15:40:08+00:00,New York City,Travel and Transportation,General Travel,,,,
173,936,40.66284784171845,-73.94050274042353,27683,Park,2012-05-09 15:41:36+00:00,New York City,Landmarks and Outdoors,Park,,,,
174,936,40.66982170901189,-73.94355661477465,5176,Pool,2012-05-16 15:29:23+00:00,New York City,Sports and Recreation,Water Sports,,,,
175,936,40.66577068520274,-73.9425520561601,3101,Sushi Restaurant,2012-05-16 15:29:49+00:00,New York City,Dining and Drinking,Restaurant,,,,
176,936,40.67218562492769,-73.98068717514157,35332,Church,2012-10-31 18:00:09+00:00,,Community and Government,Spiritual Center,1.0,0.0,nyc,Rec
177,936,40.63204,-73.974525,16917,Restaurant,2012-10-31 18:00:09+00:00,,Dining and Drinking,Restaurant,1.0,0.0,nyc,Return
178,936,40.66139298647552,-73.96108746528625,4607,Miscellaneous Shop,2012-10-31 18:00:09+00:00,,Retail,Miscellaneous Store,1.0,0.0,nyc,Return
179,936,40.68654,-73.73778,4018,Cemetery,2012-11-05 18:00:09+00:00,,Community and Government,Cemetery,6.0,0.0,nyc,Return
180,936,40.745617059012616,-73.94767812067376,531,Art Museum,2012-11-06 18:00:09+00:00,,Arts and Entertainment,Museum,7.0,1.0,nyc,Rec
181,936,40.745617059012616,-73.94767812067376,531,Art Museum,2012-11-06 18:00:09+00:00,,Arts and Entertainment,Museum,7.0,1.0,nyc,Rec
182,936,40.67003605694326,-73.94516963798532,5615,General College & University,2012-11-06 18:00:09+00:00,,Community and Government,Education,7.0,1.0,nyc,Return
183,936,40.66464162434732,-73.94570922281969,3295,Synagogue,2012-11-06 18:00:09+00:00,,Community and Government,Spiritual Center,7.0,1.0,nyc,Return
184,936,40.689449,-73.969558,4801,American Restaurant,2012-11-06 18:00:09+00:00,,Dining and Drinking,Restaurant,7.0,1.0,nyc,Explore
185,936,40.6716389935202,-73.96381202180841,1280,Art Museum,2012-11-10 18:00:09+00:00,,Arts and Entertainment,Museum,11.0,1.0,nyc,Rec
186,936,40.75309901152899,-73.9325980338012,34419,Church,2012-11-10 18:00:09+00:00,,Community and Government,Spiritual Center,11.0,1.0,nyc,Rec
187,936,40.7542617,-73.92955,23613,Seafood Restaurant,2012-11-10 18:00:09+00:00,,Dining and Drinking,Restaurant,11.0,1.0,nyc,Rec
188,936,40.69051301014856,-73.98492701836754,4308,Mall,2012-11-23 18:00:09+00:00,,Retail,Shopping Mall,24.0,3.0,nyc,Explore
189,936,40.681492573705405,-73.97701978170798,12373,Toy / Game Store,2012-11-23 18:00:09+00:00,,Retail,Toy Store,24.0,3.0,nyc,Rec
190,936,40.67003926666667,-73.944317,4313,Food & Drink Shop,2012-11-23 18:00:09+00:00,,Retail,Food and Beverage Retail,24.0,3.0,nyc,Return
191,936,40.66409703053375,-73.9440847234983,3181,Burger Joint,2012-12-03 18:00:09+00:00,,Dining and Drinking,Restaurant,34.0,4.0,nyc,Return
192,936,40.681019149415285,-73.93789083599484,25589,Church,2012-12-03 18:00:09+00:00,,Community and Government,Spiritual Center,34.0,4.0,nyc,Explore
193,936,40.67459926586111,-73.9441765683466,2611,Museum,2012-12-03 18:00:09+00:00,,Arts and Entertainment,Museum,34.0,4.0,nyc,Return
194,936,40.64951029783951,-73.88901591685598,23310,Food & Drink Shop,2012-12-18 18:00:09+00:00,,Retail,Food and Beverage Retail,49.0,7.0,nyc,Rec
195,936,40.74579269982819,-73.98022803738444,9908,College Academic Building,2012-12-18 18:00:09+00:00,,Community and Government,Education,49.0,7.0,nyc,Rec
196,936,40.745617059012616,-73.94767812067376,531,Art Museum,2012-12-18 18:00:09+00:00,,Arts and Entertainment,Museum,49.0,7.0,nyc,Rec
197,936,40.74531055237873,-73.9565694825131,4790,Food & Drink Shop,2012-12-19 18:00:09+00:00,,Retail,Food and Beverage Retail,50.0,7.0,nyc,Explore
198,936,40.74498345905474,-73.9533780530302,33105,Other Great Outdoors,2012-12-23 18:00:09+00:00,,Landmarks and Outdoors,Other Great Outdoors,54.0,7.0,nyc,Rec
199,936,40.74616101,-73.94893685,31697,Spiritual Center,2012-12-31 18:00:09+00:00,,Community and Government,Spiritual Center,62.0,8.0,nyc,Rec
200,936,40.745617059012616,-73.94767812067376,531,Art Museum,2013-01-02 18:00:09+00:00,,Arts and Entertainment,Museum,64.0,9.0,nyc,Rec
201,936,40.744773,-73.950663,9720,Mediterranean Restaurant,2013-01-06 18:00:09+00:00,,Dining and Drinking,Restaurant,68.0,9.0,nyc,Rec
202,936,40.7427213139464,-73.95414590835571,21752,Government Building,2013-01-06 18:00:09+00:00,,Community and Government,Government Building,68.0,9.0,nyc,Rec
203,936,40.77079184896987,-73.98592472076416,11374,College Academic Building,2013-01-27 18:00:09+00:00,,Community and Government,Education,89.0,12.0,nyc,Rec
204,936,40.7772917298741,-73.98068904876709,8248,Church,2013-02-03 18:00:09+00:00,,Community and Government,Spiritual Center,96.0,13.0,nyc,Rec
205,936,40.78534773308225,-73.97571695061713,29747,Church,2013-02-04 18:00:09+00:00,,Community and Government,Spiritual Center,97.0,13.0,nyc,Rec
206,936,40.67003605694326,-73.94516963798532,5615,General College & University,2013-02-08 18:00:09+00:00,,Community and Government,Education,101.0,14.0,nyc,Return
