,uid,lat,lng,venueID,venue_descr,time,city_name,First_Category,Second_Category,step,epoch,city,simulation_state
0,571,40.82827721161922,-73.92655344439045,751,Stadium,2012-04-13 12:26:02+00:00,New York City,Arts and Entertainment,Stadium,,,,
1,571,40.82809886666084,-73.93391132354736,5736,Bridge,2012-04-13 12:26:32+00:00,New York City,Landmarks and Outdoors,Bridge,,,,
2,571,40.81133225138675,-73.95778060471581,27665,Asian Restaurant,2012-04-13 16:43:02+00:00,New York City,Dining and Drinking,Restaurant,,,,
3,571,40.82809886666084,-73.93391132354736,5736,Bridge,2012-04-13 22:54:56+00:00,New York City,Landmarks and Outdoors,Bridge,,,,
4,571,40.82809886666084,-73.93391132354736,5736,Bridge,2012-04-27 12:25:12+00:00,New York City,Landmarks and Outdoors,Bridge,,,,
5,571,40.80810469519655,-73.96045982837677,9393,College Academic Building,2012-04-27 19:35:03+00:00,New York City,Community and Government,Education,,,,
6,571,40.8121202519876,-73.96193504333496,8133,College Academic Building,2012-08-10 14:41:43+00:00,New York City,Community and Government,Education,,,,
7,571,40.81400029354878,-73.95939924906554,21852,Italian Restaurant,2012-08-10 17:10:43+00:00,New York City,Dining and Drinking,Restaurant,,,,
8,571,40.82809886666084,-73.93391132354736,5736,Bridge,2012-08-10 21:19:03+00:00,New York City,Landmarks and Outdoors,Bridge,,,,
9,571,40.82809886666084,-73.93391132354736,5736,Bridge,2012-08-17 14:15:44+00:00,New York City,Landmarks and Outdoors,Bridge,,,,
10,571,40.8121202519876,-73.96193504333496,8133,College Academic Building,2012-07-13 21:58:00+00:00,New York City,Community and Government,Education,,,,
11,571,40.82809886666084,-73.93391132354736,5736,Bridge,2012-06-15 12:28:49+00:00,New York City,Landmarks and Outdoors,Bridge,,,,
12,571,40.82809886666084,-73.93391132354736,5736,Bridge,2012-05-04 12:19:30+00:00,New York City,Landmarks and Outdoors,Bridge,,,,
13,571,40.81111202333411,-73.95779782440798,3909,Southern / Soul Food Restaurant,2012-05-04 16:58:30+00:00,New York City,Dining and Drinking,Restaurant,,,,
14,571,40.82809886666084,-73.93391132354736,5736,Bridge,2012-05-11 12:22:30+00:00,New York City,Landmarks and Outdoors,Bridge,,,,
15,571,40.8121202519876,-73.96193504333496,8133,College Academic Building,2012-05-11 16:26:05+00:00,New York City,Community and Government,Education,,,,
16,571,40.82809886666084,-73.93391132354736,5736,Bridge,2012-05-18 12:28:27+00:00,New York City,Landmarks and Outdoors,Bridge,,,,
17,571,40.79471566503799,-73.97175100960884,21294,Dessert Shop,2012-05-18 21:22:47+00:00,New York City,Dining and Drinking,Dessert Shop,,,,
18,571,40.75930175423635,-73.9849591255188,1358,Italian Restaurant,2012-10-12 22:34:12+00:00,New York City,Dining and Drinking,Restaurant,,,,
19,571,40.76373252155103,-73.97949341469202,10173,Theater,2012-10-12 23:41:16+00:00,New York City,Arts and Entertainment,Performing Arts Venue,,,,
20,571,40.82809886666084,-73.93391132354736,5736,Bridge,2012-10-19 12:29:33+00:00,New York City,Landmarks and Outdoors,Bridge,,,,
21,571,40.82809886666084,-73.93391132354736,5736,Bridge,2012-10-26 12:28:31+00:00,New York City,Landmarks and Outdoors,Bridge,,,,
22,571,40.81111202333411,-73.95779782440798,3909,Southern / Soul Food Restaurant,2012-10-26 16:26:35+00:00,New York City,Dining and Drinking,Restaurant,,,,
23,571,40.82809886666084,-73.93391132354736,5736,Bridge,2012-10-26 22:03:49+00:00,New York City,Landmarks and Outdoors,Bridge,,,,
24,571,40.81399873498576,-73.96054721555308,1871,Italian Restaurant,2012-09-14 16:15:33+00:00,New York City,Dining and Drinking,Restaurant,,,,
25,571,40.82809886666084,-73.93391132354736,5736,Bridge,2012-04-09 12:34:20+00:00,New York City,Landmarks and Outdoors,Bridge,,,,
26,571,40.82809886666084,-73.93391132354736,5736,Bridge,2012-04-16 12:28:32+00:00,New York City,Landmarks and Outdoors,Bridge,,,,
27,571,40.82809886666084,-73.93391132354736,5736,Bridge,2012-04-16 21:56:17+00:00,New York City,Landmarks and Outdoors,Bridge,,,,
28,571,40.82809886666084,-73.93391132354736,5736,Bridge,2012-08-06 12:30:33+00:00,New York City,Landmarks and Outdoors,Bridge,,,,
29,571,40.81111202333411,-73.95779782440798,3909,Southern / Soul Food Restaurant,2012-08-13 16:34:30+00:00,New York City,Dining and Drinking,Restaurant,,,,
30,571,40.82809886666084,-73.93391132354736,5736,Bridge,2012-08-13 21:32:51+00:00,New York City,Landmarks and Outdoors,Bridge,,,,
31,571,40.82809886666084,-73.93391132354736,5736,Bridge,2012-07-09 12:34:40+00:00,New York City,Landmarks and Outdoors,Bridge,,,,
32,571,40.8121202519876,-73.96193504333496,8133,College Academic Building,2012-07-09 21:13:19+00:00,New York City,Community and Government,Education,,,,
33,571,40.82809886666084,-73.93391132354736,5736,Bridge,2012-07-16 12:32:31+00:00,New York City,Landmarks and Outdoors,Bridge,,,,
34,571,40.82809886666084,-73.93391132354736,5736,Bridge,2012-07-16 21:42:12+00:00,New York City,Landmarks and Outdoors,Bridge,,,,
35,571,40.82809886666084,-73.93391132354736,5736,Bridge,2012-07-30 12:27:44+00:00,New York City,Landmarks and Outdoors,Bridge,,,,
36,571,40.80885960282312,-73.96088012455691,6458,College Academic Building,2012-07-30 16:49:38+00:00,New York City,Community and Government,Education,,,,
37,571,40.82809886666084,-73.93391132354736,5736,Bridge,2012-07-30 21:42:08+00:00,New York City,Landmarks and Outdoors,Bridge,,,,
38,571,40.82809886666084,-73.93391132354736,5736,Bridge,2012-06-04 12:32:05+00:00,New York City,Landmarks and Outdoors,Bridge,,,,
39,571,40.82809886666084,-73.93391132354736,5736,Bridge,2012-06-04 21:29:56+00:00,New York City,Landmarks and Outdoors,Bridge,,,,
40,571,40.82809886666084,-73.93391132354736,5736,Bridge,2012-06-11 12:26:17+00:00,New York City,Landmarks and Outdoors,Bridge,,,,
41,571,40.82809886666084,-73.93391132354736,5736,Bridge,2012-06-18 12:36:42+00:00,New York City,Landmarks and Outdoors,Bridge,,,,
42,571,40.81133225138675,-73.95778060471581,27665,Asian Restaurant,2012-06-18 16:43:36+00:00,New York City,Dining and Drinking,Restaurant,,,,
43,571,40.82809886666084,-73.93391132354736,5736,Bridge,2012-05-07 12:26:20+00:00,New York City,Landmarks and Outdoors,Bridge,,,,
44,571,40.82708730474406,-73.92414762077546,15246,Deli / Bodega,2012-05-14 16:13:03+00:00,New York City,Dining and Drinking,Restaurant,,,,
45,571,40.825486613144776,-73.92011747093746,11393,Food & Drink Shop,2012-05-14 22:52:34+00:00,New York City,Retail,Food and Beverage Retail,,,,
46,571,40.81111202333411,-73.95779782440798,3909,Southern / Soul Food Restaurant,2012-05-21 17:24:21+00:00,New York City,Dining and Drinking,Restaurant,,,,
47,571,40.8415358603095,-73.93958427255126,467,American Restaurant,2012-05-28 22:42:43+00:00,New York City,Dining and Drinking,Restaurant,,,,
48,571,40.82809886666084,-73.93391132354736,5736,Bridge,2012-10-08 12:33:48+00:00,New York City,Landmarks and Outdoors,Bridge,,,,
49,571,40.81133225138675,-73.95778060471581,27665,Asian Restaurant,2012-10-08 17:29:33+00:00,New York City,Dining and Drinking,Restaurant,,,,
50,571,40.82809886666084,-73.93391132354736,5736,Bridge,2012-10-22 12:29:03+00:00,New York City,Landmarks and Outdoors,Bridge,,,,
51,571,40.81399873498576,-73.96054721555308,1871,Italian Restaurant,2012-10-22 16:39:16+00:00,New York City,Dining and Drinking,Restaurant,,,,
52,571,40.7772917298741,-73.98068904876709,8248,Church,2012-04-07 23:02:48+00:00,New York City,Community and Government,Spiritual Center,,,,
53,571,40.82708730474406,-73.92414762077546,15246,Deli / Bodega,2012-04-28 18:19:15+00:00,New York City,Dining and Drinking,Restaurant,,,,
54,571,40.82809886666084,-73.93391132354736,5736,Bridge,2012-08-11 23:57:02+00:00,New York City,Landmarks and Outdoors,Bridge,,,,
55,571,40.7772917298741,-73.98068904876709,8248,Church,2012-08-18 16:07:23+00:00,New York City,Community and Government,Spiritual Center,,,,
56,571,40.82708730474406,-73.92414762077546,15246,Deli / Bodega,2012-07-07 12:07:16+00:00,New York City,Dining and Drinking,Restaurant,,,,
57,571,40.7772917298741,-73.98068904876709,8248,Church,2012-07-07 22:13:21+00:00,New York City,Community and Government,Spiritual Center,,,,
58,571,40.82809886666084,-73.93391132354736,5736,Bridge,2012-05-05 20:43:45+00:00,New York City,Landmarks and Outdoors,Bridge,,,,
59,571,40.7772917298741,-73.98068904876709,8248,Church,2012-05-05 21:22:26+00:00,New York City,Community and Government,Spiritual Center,,,,
60,571,40.82809886666084,-73.93391132354736,5736,Bridge,2012-05-12 13:57:16+00:00,New York City,Landmarks and Outdoors,Bridge,,,,
61,571,40.772124376373135,-73.98369312286377,2306,Theater,2012-10-27 16:55:42+00:00,New York City,Arts and Entertainment,Performing Arts Venue,,,,
62,571,40.772124376373135,-73.98369312286377,2306,Theater,2012-09-15 18:10:58+00:00,New York City,Arts and Entertainment,Performing Arts Venue,,,,
63,571,40.76417339668768,-73.96695848274754,9080,Burger Joint,2012-09-15 20:06:14+00:00,New York City,Dining and Drinking,Restaurant,,,,
64,571,40.82809886666084,-73.93391132354736,5736,Bridge,2012-04-08 01:57:59+00:00,New York City,Landmarks and Outdoors,Bridge,,,,
65,571,40.82809886666084,-73.93391132354736,5736,Bridge,2012-04-08 21:42:39+00:00,New York City,Landmarks and Outdoors,Bridge,,,,
66,571,40.7772917298741,-73.98068904876709,8248,Church,2012-04-15 16:32:15+00:00,New York City,Community and Government,Spiritual Center,,,,
67,571,40.7772917298741,-73.98068904876709,8248,Church,2012-04-29 17:22:03+00:00,New York City,Community and Government,Spiritual Center,,,,
68,571,40.7772917298741,-73.98068904876709,8248,Church,2012-08-05 16:30:26+00:00,New York City,Community and Government,Spiritual Center,,,,
69,571,40.82809886666084,-73.93391132354736,5736,Bridge,2012-08-05 21:26:49+00:00,New York City,Landmarks and Outdoors,Bridge,,,,
70,571,40.75708314082242,-73.97595226764679,9715,Coffee Shop,2012-08-12 19:55:09+00:00,New York City,Dining and Drinking,"Cafe, Coffee, and Tea House",,,,
71,571,40.76763466916505,-73.96226915247716,29494,Clothing Store,2012-08-12 19:55:50+00:00,New York City,Retail,Fashion Retail,,,,
72,571,40.7772917298741,-73.98068904876709,8248,Church,2012-08-19 16:31:17+00:00,New York City,Community and Government,Spiritual Center,,,,
73,571,40.77852259748076,-73.98176614455365,2734,Bar,2012-08-19 18:01:19+00:00,New York City,Dining and Drinking,Bar,,,,
74,571,40.82809886666084,-73.93391132354736,5736,Bridge,2012-08-19 19:42:06+00:00,New York City,Landmarks and Outdoors,Bridge,,,,
75,571,40.75930175423635,-73.9849591255188,1358,Italian Restaurant,2012-07-15 17:48:28+00:00,New York City,Dining and Drinking,Restaurant,,,,
76,571,40.78462730914154,-73.97737561950257,25518,Diner,2012-07-29 15:15:01+00:00,New York City,Dining and Drinking,Restaurant,,,,
77,571,40.85474,-73.88817931,9490,Italian Restaurant,2012-06-03 17:38:23+00:00,New York City,Dining and Drinking,Restaurant,,,,
78,571,40.7772917298741,-73.98068904876709,8248,Church,2012-06-03 20:55:13+00:00,New York City,Community and Government,Spiritual Center,,,,
79,571,40.778504,-73.982092,16761,Food & Drink Shop,2012-06-03 22:43:49+00:00,New York City,Retail,Food and Beverage Retail,,,,
80,571,40.76078078870895,-73.98433685302734,178,Asian Restaurant,2012-06-10 16:43:48+00:00,New York City,Dining and Drinking,Restaurant,,,,
81,571,40.77468600154588,-73.9820645818322,2817,Movie Theater,2012-06-17 16:32:48+00:00,New York City,Arts and Entertainment,Movie Theater,,,,
82,571,40.75769197600132,-73.97150421173693,3653,French Restaurant,2012-05-13 16:53:55+00:00,New York City,Dining and Drinking,Restaurant,,,,
83,571,40.775141896747336,-73.98249501939839,2781,Chinese Restaurant,2012-10-28 17:47:03+00:00,New York City,Dining and Drinking,Restaurant,,,,
84,571,40.82809886666084,-73.93391132354736,5736,Bridge,2012-10-28 19:38:24+00:00,New York City,Landmarks and Outdoors,Bridge,,,,
85,571,40.70566047104496,-74.00287628173828,735,Harbor / Marina,2012-09-09 19:02:21+00:00,New York City,Landmarks and Outdoors,Harbor or Marina,,,,
86,571,40.82809886666084,-73.93391132354736,5736,Bridge,2012-04-12 12:13:54+00:00,New York City,Landmarks and Outdoors,Bridge,,,,
87,571,40.82809886666084,-73.93391132354736,5736,Bridge,2012-04-12 21:52:05+00:00,New York City,Landmarks and Outdoors,Bridge,,,,
88,571,40.82809886666084,-73.93391132354736,5736,Bridge,2012-08-09 12:31:39+00:00,New York City,Landmarks and Outdoors,Bridge,,,,
89,571,40.82809886666084,-73.93391132354736,5736,Bridge,2012-07-12 12:29:57+00:00,New York City,Landmarks and Outdoors,Bridge,,,,
90,571,40.81111202333411,-73.95779782440798,3909,Southern / Soul Food Restaurant,2012-07-12 16:50:55+00:00,New York City,Dining and Drinking,Restaurant,,,,
91,571,40.8121202519876,-73.96193504333496,8133,College Academic Building,2012-07-12 17:04:12+00:00,New York City,Community and Government,Education,,,,
92,571,40.82809886666084,-73.93391132354736,5736,Bridge,2012-06-07 12:25:01+00:00,New York City,Landmarks and Outdoors,Bridge,,,,
93,571,40.81133225138675,-73.95778060471581,27665,Asian Restaurant,2012-06-07 16:47:25+00:00,New York City,Dining and Drinking,Restaurant,,,,
94,571,40.82809886666084,-73.93391132354736,5736,Bridge,2012-06-21 12:25:38+00:00,New York City,Landmarks and Outdoors,Bridge,,,,
95,571,40.82809886666084,-73.93391132354736,5736,Bridge,2012-05-03 12:29:30+00:00,New York City,Landmarks and Outdoors,Bridge,,,,
96,571,40.82809886666084,-73.93391132354736,5736,Bridge,2012-05-03 21:56:19+00:00,New York City,Landmarks and Outdoors,Bridge,,,,
97,571,40.77163686944753,-73.98262023925781,6051,Seafood Restaurant,2012-05-10 21:42:34+00:00,New York City,Dining and Drinking,Restaurant,,,,
98,571,40.80896,-73.9596,2120,American Restaurant,2012-05-17 17:04:03+00:00,New York City,Dining and Drinking,Restaurant,,,,
99,571,40.81399873498576,-73.96054721555308,1871,Italian Restaurant,2012-05-31 16:39:29+00:00,New York City,Dining and Drinking,Restaurant,,,,
100,571,40.80821992957681,-73.96215395358303,1185,University,2012-10-11 17:15:48+00:00,New York City,Community and Government,Education,,,,
101,571,40.82809886666084,-73.93391132354736,5736,Bridge,2012-10-25 12:25:43+00:00,New York City,Landmarks and Outdoors,Bridge,,,,
102,571,40.8121202519876,-73.96193504333496,8133,College Academic Building,2012-10-25 13:13:03+00:00,New York City,Community and Government,Education,,,,
103,571,40.803674149642944,-73.9634343210755,6001,Chinese Restaurant,2012-10-25 16:33:29+00:00,New York City,Dining and Drinking,Restaurant,,,,
104,571,40.8069463045361,-73.96458800324365,6540,Salon / Barbershop,2012-10-25 23:41:13+00:00,New York City,Business and Professional Services,Health and Beauty Service,,,,
105,571,40.82809886666084,-73.93391132354736,5736,Bridge,2012-09-13 12:31:35+00:00,New York City,Landmarks and Outdoors,Bridge,,,,
106,571,40.81111202333411,-73.95779782440798,3909,Southern / Soul Food Restaurant,2012-09-13 17:18:10+00:00,New York City,Dining and Drinking,Restaurant,,,,
107,571,40.82809886666084,-73.93391132354736,5736,Bridge,2012-04-03 21:33:56+00:00,New York City,Landmarks and Outdoors,Bridge,,,,
108,571,40.77196187446204,-73.98262023925781,6211,Burger Joint,2012-04-10 23:11:13+00:00,New York City,Dining and Drinking,Restaurant,,,,
109,571,40.82809886666084,-73.93391132354736,5736,Bridge,2012-04-17 12:27:49+00:00,New York City,Landmarks and Outdoors,Bridge,,,,
110,571,40.80440427374566,-73.96643043656832,23075,Burger Joint,2012-04-17 17:01:30+00:00,New York City,Dining and Drinking,Restaurant,,,,
111,571,40.86718775510099,-73.92300517938112,8031,History Museum,2012-04-24 23:54:22+00:00,New York City,Arts and Entertainment,Museum,,,,
112,571,40.82809886666084,-73.93391132354736,5736,Bridge,2012-08-14 12:27:32+00:00,New York City,Landmarks and Outdoors,Bridge,,,,
113,571,40.82809886666084,-73.93391132354736,5736,Bridge,2012-08-14 22:34:00+00:00,New York City,Landmarks and Outdoors,Bridge,,,,
114,571,40.82809886666084,-73.93391132354736,5736,Bridge,2012-07-10 21:58:37+00:00,New York City,Landmarks and Outdoors,Bridge,,,,
115,571,40.82809886666084,-73.93391132354736,5736,Bridge,2012-07-17 12:30:28+00:00,New York City,Landmarks and Outdoors,Bridge,,,,
116,571,40.81586517490488,-73.95865880705819,7354,Fast Food Restaurant,2012-07-17 17:12:14+00:00,New York City,Dining and Drinking,Restaurant,,,,
117,571,40.82809886666084,-73.93391132354736,5736,Bridge,2012-07-24 12:26:16+00:00,New York City,Landmarks and Outdoors,Bridge,,,,
118,571,40.82809886666084,-73.93391132354736,5736,Bridge,2012-06-05 12:26:09+00:00,New York City,Landmarks and Outdoors,Bridge,,,,
119,571,40.80440427374566,-73.96643043656832,23075,Burger Joint,2012-06-26 17:24:16+00:00,New York City,Dining and Drinking,Restaurant,,,,
120,571,40.814755,-73.958872,371,American Restaurant,2012-05-01 16:27:46+00:00,New York City,Dining and Drinking,Restaurant,,,,
121,571,40.8121202519876,-73.96193504333496,8133,College Academic Building,2012-05-01 20:47:53+00:00,New York City,Community and Government,Education,,,,
122,571,40.82809886666084,-73.93391132354736,5736,Bridge,2012-05-08 12:39:24+00:00,New York City,Landmarks and Outdoors,Bridge,,,,
123,571,40.80440427374566,-73.96643043656832,23075,Burger Joint,2012-05-08 17:45:16+00:00,New York City,Dining and Drinking,Restaurant,,,,
124,571,40.82809886666084,-73.93391132354736,5736,Bridge,2012-05-08 21:57:14+00:00,New York City,Landmarks and Outdoors,Bridge,,,,
125,571,40.82809886666084,-73.93391132354736,5736,Bridge,2012-05-15 12:24:28+00:00,New York City,Landmarks and Outdoors,Bridge,,,,
126,571,40.82809886666084,-73.93391132354736,5736,Bridge,2012-05-15 21:56:45+00:00,New York City,Landmarks and Outdoors,Bridge,,,,
127,571,40.82809886666084,-73.93391132354736,5736,Bridge,2012-05-22 12:53:31+00:00,New York City,Landmarks and Outdoors,Bridge,,,,
128,571,40.80783255,-73.96386427142856,2548,Chinese Restaurant,2012-05-29 16:24:46+00:00,New York City,Dining and Drinking,Restaurant,,,,
129,571,40.7772917298741,-73.98068904876709,8248,Church,2012-05-29 21:43:30+00:00,New York City,Community and Government,Spiritual Center,,,,
130,571,40.814755,-73.958872,371,American Restaurant,2012-10-16 16:21:41+00:00,New York City,Dining and Drinking,Restaurant,,,,
131,571,40.80769,-73.964166,4683,Sushi Restaurant,2012-10-23 16:45:27+00:00,New York City,Dining and Drinking,Restaurant,,,,
132,571,40.80647862081046,-73.96509309575141,5274,Cuban Restaurant,2012-04-11 16:51:26+00:00,New York City,Dining and Drinking,Restaurant,,,,
133,571,40.82809886666084,-73.93391132354736,5736,Bridge,2012-04-18 20:52:09+00:00,New York City,Landmarks and Outdoors,Bridge,,,,
134,571,40.8121202519876,-73.96193504333496,8133,College Academic Building,2012-04-25 21:18:01+00:00,New York City,Community and Government,Education,,,,
135,571,40.82809886666084,-73.93391132354736,5736,Bridge,2012-07-11 12:22:00+00:00,New York City,Landmarks and Outdoors,Bridge,,,,
136,571,40.8121202519876,-73.96193504333496,8133,College Academic Building,2012-07-11 16:40:51+00:00,New York City,Community and Government,Education,,,,
137,571,40.81133225138675,-73.95778060471581,27665,Asian Restaurant,2012-07-11 16:41:16+00:00,New York City,Dining and Drinking,Restaurant,,,,
138,571,40.82809886666084,-73.93391132354736,5736,Bridge,2012-07-11 21:49:11+00:00,New York City,Landmarks and Outdoors,Bridge,,,,
139,571,40.82809886666084,-73.93391132354736,5736,Bridge,2012-07-18 21:40:35+00:00,New York City,Landmarks and Outdoors,Bridge,,,,
140,571,40.814755,-73.958872,371,American Restaurant,2012-06-06 16:35:05+00:00,New York City,Dining and Drinking,Restaurant,,,,
141,571,40.8121202519876,-73.96193504333496,8133,College Academic Building,2012-06-06 21:10:15+00:00,New York City,Community and Government,Education,,,,
142,571,40.80715109145751,-73.96368686900594,4534,Student Center,2012-06-13 18:20:25+00:00,New York City,Community and Government,Education,,,,
143,571,40.8121202519876,-73.96193504333496,8133,College Academic Building,2012-06-20 21:18:19+00:00,New York City,Community and Government,Education,,,,
144,571,40.81399873498576,-73.96054721555308,1871,Italian Restaurant,2012-06-27 16:38:47+00:00,New York City,Dining and Drinking,Restaurant,,,,
145,571,40.81111202333411,-73.95779782440798,3909,Southern / Soul Food Restaurant,2012-05-09 16:43:06+00:00,New York City,Dining and Drinking,Restaurant,,,,
146,571,40.772124376373135,-73.98369312286377,2306,Theater,2012-05-09 23:49:33+00:00,New York City,Arts and Entertainment,Performing Arts Venue,,,,
147,571,40.814755,-73.958872,371,American Restaurant,2012-05-16 16:27:07+00:00,New York City,Dining and Drinking,Restaurant,,,,
148,571,40.7772917298741,-73.98068904876709,8248,Church,2012-05-16 21:29:40+00:00,New York City,Community and Government,Spiritual Center,,,,
149,571,40.814755,-73.958872,371,American Restaurant,2012-05-23 16:22:09+00:00,New York City,Dining and Drinking,Restaurant,,,,
150,571,40.82809886666084,-73.93391132354736,5736,Bridge,2012-05-23 22:13:44+00:00,New York City,Landmarks and Outdoors,Bridge,,,,
151,571,40.80704983333333,-73.96448956666666,4522,Coffee Shop,2012-10-24 16:37:22+00:00,New York City,Dining and Drinking,"Cafe, Coffee, and Tea House",,,,
152,571,40.738461174451054,-73.99175780205297,8459,Theater,2012-10-24 23:43:27+00:00,New York City,Arts and Entertainment,Performing Arts Venue,,,,
153,571,40.82809886666084,-73.93391132354736,5736,Bridge,2012-11-01 18:00:09+00:00,,Landmarks and Outdoors,Bridge,2.0,0.0,nyc,Return
154,571,40.82809886666084,-73.93391132354736,5736,Bridge,2012-11-01 18:00:09+00:00,,Landmarks and Outdoors,Bridge,2.0,0.0,nyc,Return
155,571,40.84564817180984,-73.9271092414856,18849,Bridge,2012-11-05 18:00:09+00:00,,Landmarks and Outdoors,Bridge,6.0,0.0,nyc,Rec
156,571,40.8415358603095,-73.93958427255126,467,American Restaurant,2012-11-05 18:00:09+00:00,,Dining and Drinking,Restaurant,6.0,0.0,nyc,Rec
157,571,40.8121202519876,-73.96193504333496,8133,College Academic Building,2012-11-05 18:00:09+00:00,,Community and Government,Education,6.0,0.0,nyc,Rec
158,571,40.81133225138675,-73.95778060471581,27665,Asian Restaurant,2012-11-06 18:00:09+00:00,,Dining and Drinking,Restaurant,7.0,1.0,nyc,Return
159,571,40.75912296762007,-73.95833015441895,24742,Bridge,2012-11-09 18:00:09+00:00,,Landmarks and Outdoors,Bridge,10.0,1.0,nyc,Explore
160,571,40.76013728876504,-73.96170665477239,36803,Bridge,2012-11-09 18:00:09+00:00,,Landmarks and Outdoors,Bridge,10.0,1.0,nyc,Rec
161,571,40.76114653497551,-73.96385332087016,12779,Plaza,2012-11-10 18:00:09+00:00,,Landmarks and Outdoors,Plaza,11.0,1.0,nyc,Explore
162,571,40.7622078360366,-73.96824415435074,13355,Clothing Store,2012-11-10 18:00:09+00:00,,Retail,Fashion Retail,11.0,1.0,nyc,Explore
163,571,40.7668997409232,-73.9738655090332,21704,Bridge,2012-11-12 18:00:09+00:00,,Landmarks and Outdoors,Bridge,13.0,1.0,nyc,Explore
164,571,40.8121202519876,-73.96193504333496,8133,College Academic Building,2012-11-12 18:00:09+00:00,,Community and Government,Education,13.0,1.0,nyc,Rec
165,571,40.82809886666084,-73.93391132354736,5736,Bridge,2012-11-12 18:00:09+00:00,,Landmarks and Outdoors,Bridge,13.0,1.0,nyc,Return
166,571,40.828916,-73.926491,27995,Pizza Place,2012-11-13 18:00:09+00:00,,Dining and Drinking,Restaurant,14.0,2.0,nyc,Explore
167,571,40.82669295371392,-73.9227353555586,27176,Deli / Bodega,2012-11-17 18:00:09+00:00,,Dining and Drinking,Restaurant,18.0,2.0,nyc,Explore
168,571,40.82809886666084,-73.93391132354736,5736,Bridge,2012-11-18 18:00:09+00:00,,Landmarks and Outdoors,Bridge,19.0,2.0,nyc,Rec
169,571,40.828916,-73.926491,27995,Pizza Place,2012-11-19 18:00:09+00:00,,Dining and Drinking,Restaurant,20.0,2.0,nyc,Rec
170,571,40.82809886666084,-73.93391132354736,5736,Bridge,2012-11-20 18:00:09+00:00,,Landmarks and Outdoors,Bridge,21.0,3.0,nyc,Return
171,571,40.81133225138675,-73.95778060471581,27665,Asian Restaurant,2012-11-20 18:00:09+00:00,,Dining and Drinking,Restaurant,21.0,3.0,nyc,Rec
172,571,40.814755,-73.958872,371,American Restaurant,2012-11-21 18:00:09+00:00,,Dining and Drinking,Restaurant,22.0,3.0,nyc,Rec
173,571,40.81399873498576,-73.96054721555308,1871,Italian Restaurant,2012-11-23 18:00:09+00:00,,Dining and Drinking,Restaurant,24.0,3.0,nyc,Rec
174,571,40.81133225138675,-73.95778060471581,27665,Asian Restaurant,2012-11-25 18:00:09+00:00,,Dining and Drinking,Restaurant,26.0,3.0,nyc,Rec
175,571,40.82809886666084,-73.93391132354736,5736,Bridge,2012-11-26 18:00:09+00:00,,Landmarks and Outdoors,Bridge,27.0,3.0,nyc,Return
176,571,40.81399873498576,-73.96054721555308,1871,Italian Restaurant,2012-11-26 18:00:09+00:00,,Dining and Drinking,Restaurant,27.0,3.0,nyc,Rec
177,571,40.8415358603095,-73.93958427255126,467,American Restaurant,2012-12-01 18:00:09+00:00,,Dining and Drinking,Restaurant,32.0,4.0,nyc,Return
178,571,40.7964693562758,-73.92939472759721,27516,Bridge,2012-12-03 18:00:09+00:00,,Landmarks and Outdoors,Bridge,34.0,4.0,nyc,Explore
179,571,40.814755,-73.958872,371,American Restaurant,2012-12-05 18:00:09+00:00,,Dining and Drinking,Restaurant,36.0,5.0,nyc,Rec
180,571,40.8121202519876,-73.96193504333496,8133,College Academic Building,2012-12-11 18:00:09+00:00,,Community and Government,Education,42.0,6.0,nyc,Rec
181,571,40.80885960282312,-73.96088012455691,6458,College Academic Building,2012-12-12 18:00:09+00:00,,Community and Government,Education,43.0,6.0,nyc,Rec
182,571,40.80715109145751,-73.96368686900594,4534,Student Center,2012-12-12 18:00:09+00:00,,Community and Government,Education,43.0,6.0,nyc,Rec
183,571,40.81586517490488,-73.95865880705819,7354,Fast Food Restaurant,2012-12-13 18:00:09+00:00,,Dining and Drinking,Restaurant,44.0,6.0,nyc,Return
184,571,40.8415358603095,-73.93958427255126,467,American Restaurant,2012-12-14 18:00:09+00:00,,Dining and Drinking,Restaurant,45.0,6.0,nyc,Rec
185,571,40.828916,-73.926491,27995,Pizza Place,2012-12-15 18:00:09+00:00,,Dining and Drinking,Restaurant,46.0,6.0,nyc,Rec
186,571,40.814755,-73.958872,371,American Restaurant,2012-12-15 18:00:09+00:00,,Dining and Drinking,Restaurant,46.0,6.0,nyc,Return
187,571,40.81158149645368,-73.9631071562193,17274,Church,2012-12-16 18:00:09+00:00,,Community and Government,Spiritual Center,47.0,6.0,nyc,Rec
188,571,40.8415358603095,-73.93958427255126,467,American Restaurant,2012-12-16 18:00:09+00:00,,Dining and Drinking,Restaurant,47.0,6.0,nyc,Rec
189,571,40.82809886666084,-73.93391132354736,5736,Bridge,2012-12-16 18:00:09+00:00,,Landmarks and Outdoors,Bridge,47.0,6.0,nyc,Return
190,571,40.75769197600132,-73.97150421173693,3653,French Restaurant,2012-12-17 18:00:09+00:00,,Dining and Drinking,Restaurant,48.0,6.0,nyc,Return
191,571,40.75912296762007,-73.95833015441895,24742,Bridge,2012-12-18 18:00:09+00:00,,Landmarks and Outdoors,Bridge,49.0,7.0,nyc,Rec
192,571,40.828916,-73.926491,27995,Pizza Place,2012-12-18 18:00:09+00:00,,Dining and Drinking,Restaurant,49.0,7.0,nyc,Rec
193,571,40.81133225138675,-73.95778060471581,27665,Asian Restaurant,2013-01-09 18:00:09+00:00,,Dining and Drinking,Restaurant,71.0,10.0,nyc,Rec
194,571,40.81158149645368,-73.9631071562193,17274,Church,2013-01-13 18:00:09+00:00,,Community and Government,Spiritual Center,75.0,10.0,nyc,Rec
195,571,40.81111202333411,-73.95779782440798,3909,Southern / Soul Food Restaurant,2013-01-16 18:00:09+00:00,,Dining and Drinking,Restaurant,78.0,11.0,nyc,Rec
196,571,40.806338034661934,-73.94170822289536,7744,Vegetarian / Vegan Restaurant,2013-01-17 18:00:09+00:00,,Dining and Drinking,Restaurant,79.0,11.0,nyc,Explore
197,571,40.825486613144776,-73.92011747093746,11393,Food & Drink Shop,2013-01-21 18:00:09+00:00,,Retail,Food and Beverage Retail,83.0,11.0,nyc,Return
198,571,40.72754996806851,-74.00728659356426,33514,Soup Place,2013-01-27 18:00:09+00:00,,Dining and Drinking,Restaurant,89.0,12.0,nyc,Explore
199,571,40.705953265881305,-73.99656772613525,3916,Bridge,2013-01-31 18:00:09+00:00,,Landmarks and Outdoors,Bridge,93.0,13.0,nyc,Rec
200,571,40.66567683356609,-73.91771197131452,22300,School,2013-01-31 18:00:09+00:00,,Community and Government,Education,93.0,13.0,nyc,Rec
201,571,40.6768248188292,-73.92209236962024,35353,Fried Chicken Joint,2013-02-01 18:00:09+00:00,,Dining and Drinking,Restaurant,94.0,13.0,nyc,Explore
202,571,40.6796015383585,-73.92159864683077,31115,Cuban Restaurant,2013-02-03 18:00:09+00:00,,Dining and Drinking,Restaurant,96.0,13.0,nyc,Rec
203,571,40.7772917298741,-73.98068904876709,8248,Church,2013-02-03 18:00:09+00:00,,Community and Government,Spiritual Center,96.0,13.0,nyc,Rec
204,571,40.76865644630372,-73.97603835470167,29259,Bridge,2013-02-05 18:00:09+00:00,,Landmarks and Outdoors,Bridge,98.0,14.0,nyc,Rec
205,571,40.7668997409232,-73.9738655090332,21704,Bridge,2013-02-06 18:00:09+00:00,,Landmarks and Outdoors,Bridge,99.0,14.0,nyc,Rec
206,571,40.76722200820684,-73.9825753676373,8641,Donut Shop,2013-02-07 18:00:09+00:00,,Dining and Drinking,Donut Shop,100.0,14.0,nyc,Rec
