,uid,lat,lng,venueID,venue_descr,time,city_name,First_Category,Second_Category,step,epoch,city,simulation_state
0,267,40.85016719767451,-73.85267187545136,32217,Neighborhood,2012-04-13 00:39:15+00:00,New York City,Landmarks and Outdoors,States and Municipalities,,,,
1,267,40.862803360720974,-73.84731888771057,30993,Neighborhood,2012-04-13 00:39:32+00:00,New York City,Landmarks and Outdoors,States and Municipalities,,,,
2,267,40.86616246600479,-73.86088013648987,30994,Neighborhood,2012-04-13 00:39:50+00:00,New York City,Landmarks and Outdoors,States and Municipalities,,,,
3,267,40.87245323076741,-73.83819325801178,29902,Neighborhood,2012-04-13 12:01:10+00:00,New York City,Landmarks and Outdoors,States and Municipalities,,,,
4,267,40.8741592397011,-73.83753276420217,17155,Building,2012-04-13 12:01:18+00:00,New York City,Landmarks and Outdoors,Structure,,,,
5,267,40.85450112819672,-73.86583936666666,15153,Pizza Place,2012-04-13 20:39:01+00:00,New York City,Dining and Drinking,Restaurant,,,,
6,267,40.85458852723362,-73.8676432887891,22306,Food & Drink Shop,2012-04-13 20:48:44+00:00,New York City,Retail,Food and Beverage Retail,,,,
7,267,40.85439105649562,-73.86379837989807,33374,Neighborhood,2012-04-13 20:52:47+00:00,New York City,Landmarks and Outdoors,States and Municipalities,,,,
8,267,40.85803216472994,-73.85636329650879,31670,Plaza,2012-04-20 04:33:34+00:00,New York City,Landmarks and Outdoors,Plaza,,,,
9,267,40.86616246600479,-73.86088013648987,30994,Neighborhood,2012-04-20 04:33:43+00:00,New York City,Landmarks and Outdoors,States and Municipalities,,,,
10,267,40.862803360720974,-73.84731888771057,30993,Neighborhood,2012-04-20 04:33:53+00:00,New York City,Landmarks and Outdoors,States and Municipalities,,,,
11,267,40.87740673305284,-73.8387273948681,29902,Neighborhood,2012-04-20 12:41:33+00:00,New York City,Landmarks and Outdoors,States and Municipalities,,,,
12,267,40.8741592397011,-73.83753276420217,17155,Building,2012-04-20 12:45:49+00:00,New York City,Landmarks and Outdoors,Structure,,,,
13,267,40.752043933832766,-73.9854621427848,33560,Smoke Shop,2012-04-20 12:51:59+00:00,New York City,Retail,Smoke Shop,,,,
14,267,40.752043933832766,-73.9854621427848,33560,Smoke Shop,2012-04-20 12:52:40+00:00,New York City,Retail,Smoke Shop,,,,
15,267,40.859778,-73.855091,9756,Pizza Place,2012-04-20 21:30:44+00:00,New York City,Dining and Drinking,Restaurant,,,,
16,267,40.87740673305284,-73.8387273948681,29902,Neighborhood,2012-04-27 12:10:36+00:00,New York City,Landmarks and Outdoors,States and Municipalities,,,,
17,267,40.8741592397011,-73.83753276420217,17155,Building,2012-04-27 12:11:36+00:00,New York City,Landmarks and Outdoors,Structure,,,,
18,267,40.85458852723362,-73.8676432887891,22306,Food & Drink Shop,2012-08-10 20:36:50+00:00,New York City,Retail,Food and Beverage Retail,,,,
19,267,40.85072864812675,-73.86681318283081,33374,Neighborhood,2012-08-10 20:42:12+00:00,New York City,Landmarks and Outdoors,States and Municipalities,,,,
20,267,40.85450112819672,-73.86583936666666,15153,Pizza Place,2012-08-10 20:42:22+00:00,New York City,Dining and Drinking,Restaurant,,,,
21,267,40.85458795239962,-73.86682210158465,23019,Food & Drink Shop,2012-08-10 20:59:11+00:00,New York City,Retail,Food and Beverage Retail,,,,
22,267,40.83013107750001,-73.89150789839596,32862,Neighborhood,2012-08-17 02:16:02+00:00,New York City,Landmarks and Outdoors,States and Municipalities,,,,
23,267,40.8564629424463,-73.86816586067653,18298,Bank,2012-08-17 21:25:55+00:00,New York City,Business and Professional Services,Financial Service,,,,
24,267,40.85072864812675,-73.86681318283081,33374,Neighborhood,2012-08-17 21:32:10+00:00,New York City,Landmarks and Outdoors,States and Municipalities,,,,
25,267,40.85454157286891,-73.8676432887891,15473,Bank,2012-08-17 22:00:13+00:00,New York City,Business and Professional Services,Financial Service,,,,
26,267,40.85662111201749,-73.8681945733773,12131,Record Shop,2012-08-17 22:14:20+00:00,New York City,Retail,Record Store,,,,
27,267,40.86614982408227,-73.86102775304363,20484,Drugstore / Pharmacy,2012-07-06 07:15:15+00:00,New York City,Retail,Pharmacy,,,,
28,267,40.79981701959628,-73.79351377487183,14809,Bridge,2012-07-06 20:03:39+00:00,New York City,Landmarks and Outdoors,Bridge,,,,
29,267,40.85450112819672,-73.86583936666666,15153,Pizza Place,2012-07-13 21:58:42+00:00,New York City,Dining and Drinking,Restaurant,,,,
30,267,40.85459793097291,-73.86555298733269,11580,Food & Drink Shop,2012-07-13 22:12:05+00:00,New York City,Retail,Food and Beverage Retail,,,,
31,267,40.86565,-73.850893,22044,Playground,2012-06-08 19:05:34+00:00,New York City,Landmarks and Outdoors,Park,,,,
32,267,40.865561,-73.85675211,21246,Chinese Restaurant,2012-06-08 21:28:44+00:00,New York City,Dining and Drinking,Restaurant,,,,
33,267,40.95799336338653,-74.10746446325602,35280,General Entertainment,2012-05-04 15:55:20+00:00,New York City,Arts and Entertainment,General Entertainment,,,,
34,267,40.85803216472994,-73.85636329650879,31670,Plaza,2012-05-04 21:58:59+00:00,New York City,Landmarks and Outdoors,Plaza,,,,
35,267,40.85803216472994,-73.85636329650879,31670,Plaza,2012-05-11 20:55:30+00:00,New York City,Landmarks and Outdoors,Plaza,,,,
36,267,40.85759397643896,-73.85633111000061,29671,Other Great Outdoors,2012-05-11 20:57:07+00:00,New York City,Landmarks and Outdoors,Other Great Outdoors,,,,
37,267,40.85627168691344,-73.86816011813588,18298,Bank,2012-05-11 21:10:02+00:00,New York City,Business and Professional Services,Financial Service,,,,
38,267,40.85439105649562,-73.86379837989807,33374,Neighborhood,2012-05-11 21:15:19+00:00,New York City,Landmarks and Outdoors,States and Municipalities,,,,
39,267,40.85759397643896,-73.85633111000061,29671,Other Great Outdoors,2012-05-18 22:02:47+00:00,New York City,Landmarks and Outdoors,Other Great Outdoors,,,,
40,267,40.82827721161922,-73.92655344439045,751,Stadium,2012-05-18 22:43:11+00:00,New York City,Arts and Entertainment,Stadium,,,,
41,267,40.8285406752467,-73.92668507963549,26726,Stadium,2012-05-18 22:46:31+00:00,New York City,Arts and Entertainment,Stadium,,,,
42,267,40.64225636695538,-74.14209365844727,9277,Bridge,2012-04-09 15:44:45+00:00,New York City,Landmarks and Outdoors,Bridge,,,,
43,267,40.8569934914807,-73.88066411018372,32740,General Travel,2012-04-09 22:01:58+00:00,New York City,Travel and Transportation,General Travel,,,,
44,267,40.86616246600479,-73.86088013648987,30994,Neighborhood,2012-04-09 22:12:07+00:00,New York City,Landmarks and Outdoors,States and Municipalities,,,,
45,267,40.862803360720974,-73.84731888771057,30993,Neighborhood,2012-04-09 22:12:16+00:00,New York City,Landmarks and Outdoors,States and Municipalities,,,,
46,267,40.87245323076741,-73.83819325801178,29902,Neighborhood,2012-04-16 11:59:46+00:00,New York City,Landmarks and Outdoors,States and Municipalities,,,,
47,267,40.8741592397011,-73.83753276420217,17155,Building,2012-04-16 12:01:15+00:00,New York City,Landmarks and Outdoors,Structure,,,,
48,267,40.74471768966725,-73.97109096808028,34801,Neighborhood,2012-04-16 13:51:01+00:00,New York City,Landmarks and Outdoors,States and Municipalities,,,,
49,267,40.865386,-73.866119,21317,Design Studio,2012-04-16 20:29:21+00:00,New York City,Business and Professional Services,Design Studio,,,,
50,267,40.75404836175849,-73.98442336785773,31950,Other Great Outdoors,2012-04-23 02:00:33+00:00,New York City,Landmarks and Outdoors,Other Great Outdoors,,,,
51,267,40.75404836175849,-73.98442336785773,31950,Other Great Outdoors,2012-04-23 02:00:42+00:00,New York City,Landmarks and Outdoors,Other Great Outdoors,,,,
52,267,40.75404836175849,-73.98442336785773,31950,Other Great Outdoors,2012-04-23 02:01:05+00:00,New York City,Landmarks and Outdoors,Other Great Outdoors,,,,
53,267,40.87740673305284,-73.8387273948681,29902,Neighborhood,2012-04-23 12:04:16+00:00,New York City,Landmarks and Outdoors,States and Municipalities,,,,
54,267,40.8741592397011,-73.83753276420217,17155,Building,2012-04-23 12:05:09+00:00,New York City,Landmarks and Outdoors,Structure,,,,
55,267,40.86862220285062,-73.83425897967088,23282,Sandwich Place,2012-04-23 16:16:31+00:00,New York City,Dining and Drinking,Restaurant,,,,
56,267,40.84790440585864,-73.86357307434082,31264,Neighborhood,2012-08-06 00:48:18+00:00,New York City,Landmarks and Outdoors,States and Municipalities,,,,
57,267,40.85525968145704,-73.86774091221437,20515,Mall,2012-08-06 01:10:21+00:00,New York City,Retail,Shopping Mall,,,,
58,267,40.856987203438365,-73.86776962497729,34514,Neighborhood,2012-08-06 01:11:00+00:00,New York City,Landmarks and Outdoors,States and Municipalities,,,,
59,267,40.86555,-73.857211,24710,Deli / Bodega,2012-08-13 23:22:13+00:00,New York City,Dining and Drinking,Restaurant,,,,
60,267,40.85550037015262,-73.84623527526855,7265,Medical Center,2012-07-02 17:23:35+00:00,New York City,Health and Medicine,Hospital,,,,
61,267,40.7269851558701,-73.99532161604229,804,Board Shop,2012-07-09 21:31:54+00:00,New York City,Retail,Board Store,,,,
62,267,40.724715,-73.99334903560852,23448,Clothing Store,2012-07-09 21:56:58+00:00,New York City,Retail,Boutique,,,,
63,267,40.72397122795905,-73.99608487193893,4972,Clothing Store,2012-07-09 22:22:58+00:00,New York City,Retail,Boutique,,,,
64,267,40.72378,-73.996509,7804,Clothing Store,2012-07-09 22:25:24+00:00,New York City,Retail,Fashion Retail,,,,
65,267,40.724784351435375,-74.00226541107472,6469,Clothing Store,2012-07-09 22:51:03+00:00,New York City,Retail,Fashion Retail,,,,
66,267,40.72609792724255,-74.00069303656065,4086,Clothing Store,2012-07-09 22:58:14+00:00,New York City,Retail,Boutique,,,,
67,267,40.72592867208607,-73.99639476444295,31418,Mexican Restaurant,2012-07-09 23:12:51+00:00,New York City,Dining and Drinking,Restaurant,,,,
68,267,40.72629,-73.99599388333333,10301,Drugstore / Pharmacy,2012-07-09 23:48:01+00:00,New York City,Retail,Pharmacy,,,,
69,267,40.85115700635544,-73.86785002069107,15337,Pool Hall,2012-07-16 23:21:55+00:00,New York City,Arts and Entertainment,Pool Hall,,,,
70,267,40.85115700635544,-73.86785002069107,15337,Pool Hall,2012-07-30 00:07:38+00:00,New York City,Arts and Entertainment,Pool Hall,,,,
71,267,40.84790440585864,-73.86357307434082,31264,Neighborhood,2012-07-30 01:15:26+00:00,New York City,Landmarks and Outdoors,States and Municipalities,,,,
72,267,40.86565,-73.850893,22044,Playground,2012-07-30 22:10:34+00:00,New York City,Landmarks and Outdoors,Park,,,,
73,267,40.8598874192738,-73.86067744502911,15695,High School,2012-06-04 21:56:26+00:00,New York City,Community and Government,Education,,,,
74,267,40.86534257643486,-73.85832864238522,15318,Food & Drink Shop,2012-06-11 01:26:10+00:00,New York City,Retail,Food and Beverage Retail,,,,
75,267,40.86736752916331,-73.82752744881535,9278,Mall,2012-06-11 21:48:42+00:00,New York City,Retail,Shopping Mall,,,,
76,267,40.86916190087487,-73.8271426188823,12868,Seafood Restaurant,2012-06-11 21:49:04+00:00,New York City,Dining and Drinking,Restaurant,,,,
77,267,40.86703241111461,-73.82759637350044,31069,Furniture / Home Store,2012-06-11 23:21:07+00:00,New York City,Retail,Furniture and Home Store,,,,
78,267,40.86708740710768,-73.82829666137695,24443,Other Great Outdoors,2012-06-11 23:28:37+00:00,New York City,Landmarks and Outdoors,Other Great Outdoors,,,,
79,267,40.85803216472994,-73.85636329650879,31670,Plaza,2012-06-11 23:59:12+00:00,New York City,Landmarks and Outdoors,Plaza,,,,
80,267,40.83013107750001,-73.89150789839596,32862,Neighborhood,2012-06-18 00:53:34+00:00,New York City,Landmarks and Outdoors,States and Municipalities,,,,
81,267,40.8569934914807,-73.88066411018372,32740,General Travel,2012-06-18 04:14:54+00:00,New York City,Travel and Transportation,General Travel,,,,
82,267,40.85743168374378,-73.88182282447815,29492,Other Great Outdoors,2012-06-18 04:15:22+00:00,New York City,Landmarks and Outdoors,Other Great Outdoors,,,,
83,267,40.850988,-73.882327,34306,Moving Target,2012-06-18 04:15:46+00:00,New York City,Travel and Transportation,Moving Target,,,,
84,267,40.80792360850182,-73.94556571636168,17806,Neighborhood,2012-06-18 19:32:02+00:00,New York City,Landmarks and Outdoors,States and Municipalities,,,,
85,267,40.80986139412852,-73.95070892134139,10483,Sporting Goods Shop,2012-06-18 19:42:04+00:00,New York City,Retail,Sporting Goods Retail,,,,
86,267,40.8497575200177,-73.85225263650779,32217,Neighborhood,2012-05-07 19:37:21+00:00,New York City,Landmarks and Outdoors,States and Municipalities,,,,
87,267,40.85803216472994,-73.85636329650879,31670,Plaza,2012-05-07 19:38:18+00:00,New York City,Landmarks and Outdoors,Plaza,,,,
88,267,40.85612996777999,-73.85581326762136,31475,Caf�,2012-05-07 19:39:19+00:00,New York City,Dining and Drinking,"Cafe, Coffee, and Tea House",,,,
89,267,40.85743168374378,-73.88182282447815,29492,Other Great Outdoors,2012-05-14 00:04:36+00:00,New York City,Landmarks and Outdoors,Other Great Outdoors,,,,
90,267,40.8569934914807,-73.88066411018372,32740,General Travel,2012-05-14 00:04:47+00:00,New York City,Travel and Transportation,General Travel,,,,
91,267,40.850988,-73.882327,34306,Moving Target,2012-05-14 00:05:27+00:00,New York City,Travel and Transportation,Moving Target,,,,
92,267,40.83013107750001,-73.89150789839596,32862,Neighborhood,2012-05-14 00:15:34+00:00,New York City,Landmarks and Outdoors,States and Municipalities,,,,
93,267,40.85803216472994,-73.85636329650879,31670,Plaza,2012-05-14 18:10:20+00:00,New York City,Landmarks and Outdoors,Plaza,,,,
94,267,40.85627168691344,-73.86816011813588,18298,Bank,2012-05-14 18:16:01+00:00,New York City,Business and Professional Services,Financial Service,,,,
95,267,40.86539799137154,-73.85504946024415,35450,Other Great Outdoors,2012-05-14 19:41:00+00:00,New York City,Landmarks and Outdoors,Other Great Outdoors,,,,
96,267,40.865386,-73.866119,21317,Design Studio,2012-05-14 20:49:38+00:00,New York City,Business and Professional Services,Design Studio,,,,
97,267,40.865542,-73.864335,14360,Pizza Place,2012-05-14 22:21:01+00:00,New York City,Dining and Drinking,Restaurant,,,,
98,267,40.83013107750001,-73.89150789839596,32862,Neighborhood,2012-05-21 21:20:03+00:00,New York City,Landmarks and Outdoors,States and Municipalities,,,,
99,267,40.87012177229132,-73.88554573059082,35695,Neighborhood,2012-05-21 22:30:35+00:00,New York City,Landmarks and Outdoors,States and Municipalities,,,,
100,267,40.87153343490262,-73.89692902565002,21085,College Academic Building,2012-05-21 22:41:31+00:00,New York City,Community and Government,Education,,,,
101,267,40.87344876333078,-73.88918243274175,13994,Diner,2012-05-21 22:53:22+00:00,New York City,Dining and Drinking,Restaurant,,,,
102,267,40.77552917709761,-73.97142385887315,35777,Moving Target,2012-05-28 04:56:43+00:00,New York City,Travel and Transportation,Moving Target,,,,
103,267,40.77552917709761,-73.97142385887315,35777,Moving Target,2012-05-28 17:09:54+00:00,New York City,Travel and Transportation,Moving Target,,,,
104,267,40.83013107750001,-73.89150789839596,32862,Neighborhood,2012-05-28 19:38:32+00:00,New York City,Landmarks and Outdoors,States and Municipalities,,,,
105,267,40.7714256153356,-73.97350072860723,1056,Park,2012-05-28 20:11:30+00:00,New York City,Landmarks and Outdoors,Park,,,,
106,267,40.77930656383335,-73.97365093231201,19592,Park,2012-05-28 21:39:25+00:00,New York City,Landmarks and Outdoors,Park,,,,
107,267,40.777459,-73.978834,12611,Deli / Bodega,2012-05-28 23:24:57+00:00,New York City,Dining and Drinking,Restaurant,,,,
108,267,40.85803216472994,-73.85636329650879,31670,Plaza,2012-04-07 19:27:52+00:00,New York City,Landmarks and Outdoors,Plaza,,,,
109,267,40.85010799296567,-73.85196548603139,32217,Neighborhood,2012-04-07 19:28:06+00:00,New York City,Landmarks and Outdoors,States and Municipalities,,,,
110,267,40.842795,-73.850197,18302,Salon / Barbershop,2012-04-07 20:07:26+00:00,New York City,Business and Professional Services,Health and Beauty Service,,,,
111,267,40.84278149603587,-73.85070201896148,34572,Neighborhood,2012-04-07 20:39:14+00:00,New York City,Landmarks and Outdoors,States and Municipalities,,,,
112,267,40.75553088008716,-73.9859676361084,32680,Food & Drink Shop,2012-04-14 01:02:10+00:00,New York City,Retail,Food and Beverage Retail,,,,
113,267,40.81757679708368,-73.820561170578,29840,Neighborhood,2012-04-14 19:49:01+00:00,New York City,Landmarks and Outdoors,States and Municipalities,,,,
114,267,40.82476980774455,-73.82064634695293,30910,Clothing Store,2012-04-14 19:55:28+00:00,New York City,Retail,Fashion Retail,,,,
115,267,40.84227179320632,-73.85578393936157,32140,Clothing Store,2012-04-14 20:19:37+00:00,New York City,Retail,Fashion Retail,,,,
116,267,40.84278149603587,-73.85070201896148,34572,Neighborhood,2012-04-14 20:47:26+00:00,New York City,Landmarks and Outdoors,States and Municipalities,,,,
117,267,40.862024413422176,-73.83265256881714,20104,Hardware Store,2012-04-14 22:39:14+00:00,New York City,Retail,Hardware Store,,,,
118,267,40.85589345697807,-73.85563523759538,13571,Mexican Restaurant,2012-04-21 01:15:18+00:00,New York City,Dining and Drinking,Restaurant,,,,
119,267,40.85803216472994,-73.85636329650879,31670,Plaza,2012-04-21 02:37:37+00:00,New York City,Landmarks and Outdoors,Plaza,,,,
120,267,40.86616246600479,-73.86088013648987,30994,Neighborhood,2012-04-21 02:37:54+00:00,New York City,Landmarks and Outdoors,States and Municipalities,,,,
121,267,40.85971997402471,-73.84563446044922,30993,Neighborhood,2012-04-21 02:38:06+00:00,New York City,Landmarks and Outdoors,States and Municipalities,,,,
122,267,40.86782694231008,-73.82703923160857,9278,Mall,2012-04-28 22:59:52+00:00,New York City,Retail,Shopping Mall,,,,
123,267,40.86771905422211,-73.82546424865723,17763,Clothing Store,2012-04-28 23:08:31+00:00,New York City,Retail,Fashion Retail,,,,
124,267,40.86715231477015,-73.82615089416504,14485,Sporting Goods Shop,2012-04-28 23:17:03+00:00,New York City,Retail,Sporting Goods Retail,,,,
125,267,40.867613,-73.827848,4725,Pizza Place,2012-04-28 23:29:28+00:00,New York City,Dining and Drinking,Restaurant,,,,
126,267,40.84657917470624,-73.84845647339688,14327,Deli / Bodega,2012-08-11 05:58:01+00:00,New York City,Dining and Drinking,Restaurant,,,,
127,267,40.86736752916331,-73.82752744881535,9278,Mall,2012-08-11 18:44:35+00:00,New York City,Retail,Shopping Mall,,,,
128,267,40.8673309,-73.82683624,19117,Bank,2012-08-11 18:44:47+00:00,New York City,Business and Professional Services,Financial Service,,,,
129,267,40.8675,-73.829406,12541,Paper / Office Supplies Store,2012-08-11 18:50:44+00:00,New York City,Retail,Office Supply Store,,,,
130,267,40.85450112819672,-73.86583936666666,15153,Pizza Place,2012-07-07 23:43:22+00:00,New York City,Dining and Drinking,Restaurant,,,,
131,267,40.85072864812675,-73.86681318283081,33374,Neighborhood,2012-07-07 23:44:56+00:00,New York City,Landmarks and Outdoors,States and Municipalities,,,,
132,267,40.86540315625391,-73.86575397882409,14605,Electronics Store,2012-07-28 17:22:12+00:00,New York City,Retail,Computers and Electronics Retail,,,,
133,267,40.8656644821167,-73.85812819004059,15316,Deli / Bodega,2012-07-28 17:36:07+00:00,New York City,Dining and Drinking,Restaurant,,,,
134,267,40.91143695415644,-73.77997398376465,8426,Mall,2012-06-02 23:48:49+00:00,New York City,Retail,Shopping Mall,,,,
135,267,40.91193999019654,-73.77949835499888,9300,Movie Theater,2012-06-02 23:52:32+00:00,New York City,Arts and Entertainment,Movie Theater,,,,
136,267,40.871333248753935,-73.84815783113804,35588,Bank,2012-06-09 15:41:39+00:00,New York City,Business and Professional Services,Financial Service,,,,
137,267,40.76280318635086,-73.97336953664879,4479,Sporting Goods Shop,2012-06-16 21:02:48+00:00,New York City,Retail,Sporting Goods Retail,,,,
138,267,40.76232480057456,-73.9678144454956,1795,Department Store,2012-06-16 21:37:47+00:00,New York City,Retail,Department Store,,,,
139,267,40.76362694663688,-73.97796102863539,30204,Mexican Restaurant,2012-06-16 23:18:42+00:00,New York City,Dining and Drinking,Restaurant,,,,
140,267,40.86534257643486,-73.85832864238522,15318,Food & Drink Shop,2012-05-05 00:55:30+00:00,New York City,Retail,Food and Beverage Retail,,,,
141,267,40.759220487652186,-73.98880004882812,35300,Mexican Restaurant,2012-05-05 14:42:25+00:00,New York City,Dining and Drinking,Restaurant,,,,
142,267,40.759220487652186,-73.98880004882812,35300,Mexican Restaurant,2012-05-05 14:42:57+00:00,New York City,Dining and Drinking,Restaurant,,,,
143,267,40.85627168691344,-73.86816011813588,18298,Bank,2012-05-05 17:11:14+00:00,New York City,Business and Professional Services,Financial Service,,,,
144,267,40.842782003921776,-73.85004731011018,34572,Neighborhood,2012-05-05 18:03:43+00:00,New York City,Landmarks and Outdoors,States and Municipalities,,,,
145,267,40.84302,-73.848816,13436,Salon / Barbershop,2012-05-05 18:11:35+00:00,New York City,Business and Professional Services,Health and Beauty Service,,,,
146,267,40.865386,-73.866119,21317,Design Studio,2012-05-12 17:17:58+00:00,New York City,Business and Professional Services,Design Studio,,,,
147,267,40.8609235679811,-73.86720111149035,17681,Automotive Shop,2012-05-12 17:51:26+00:00,New York City,Retail,Automotive Shop,,,,
148,267,40.583997,-73.948347,2160,Eastern European Restaurant,2012-05-12 22:56:16+00:00,New York City,Dining and Drinking,Restaurant,,,,
149,267,40.865561,-73.85675211,21246,Chinese Restaurant,2012-05-19 02:36:48+00:00,New York City,Dining and Drinking,Restaurant,,,,
150,267,40.85072864812675,-73.86681318283081,33374,Neighborhood,2012-05-19 21:05:40+00:00,New York City,Landmarks and Outdoors,States and Municipalities,,,,
151,267,40.85458852723362,-73.8676432887891,22306,Food & Drink Shop,2012-05-19 21:06:07+00:00,New York City,Retail,Food and Beverage Retail,,,,
152,267,40.83013107750001,-73.89150789839596,32862,Neighborhood,2012-04-08 00:22:49+00:00,New York City,Landmarks and Outdoors,States and Municipalities,,,,
153,267,40.756489872673846,-73.98626804351807,2360,Plaza,2012-04-08 01:05:17+00:00,New York City,Landmarks and Outdoors,Plaza,,,,
154,267,40.75785519418347,-73.98892879486084,11987,Deli / Bodega,2012-04-08 01:24:57+00:00,New York City,Dining and Drinking,Restaurant,,,,
155,267,40.75699374459088,-73.98907899856567,1786,Movie Theater,2012-04-08 01:47:24+00:00,New York City,Arts and Entertainment,Movie Theater,,,,
156,267,40.758589,-73.985383,17943,Sculpture Garden,2012-04-08 05:17:12+00:00,New York City,Landmarks and Outdoors,Sculpture Garden,,,,
157,267,40.83013107750001,-73.89150789839596,32862,Neighborhood,2012-04-08 06:25:02+00:00,New York City,Landmarks and Outdoors,States and Municipalities,,,,
158,267,40.850988,-73.882327,34306,Moving Target,2012-04-08 06:35:47+00:00,New York City,Travel and Transportation,Moving Target,,,,
159,267,40.8569934914807,-73.88066411018372,32740,General Travel,2012-04-08 06:36:25+00:00,New York City,Travel and Transportation,General Travel,,,,
160,267,40.85743168374378,-73.88182282447815,29492,Other Great Outdoors,2012-04-08 06:36:48+00:00,New York City,Landmarks and Outdoors,Other Great Outdoors,,,,
161,267,40.86616246600479,-73.86088013648987,30994,Neighborhood,2012-04-08 06:39:34+00:00,New York City,Landmarks and Outdoors,States and Municipalities,,,,
162,267,40.862803360720974,-73.84731888771057,30993,Neighborhood,2012-04-08 06:40:13+00:00,New York City,Landmarks and Outdoors,States and Municipalities,,,,
163,267,40.73939794092962,-73.99320973426613,26195,General Entertainment,2012-04-08 13:31:21+00:00,New York City,Arts and Entertainment,General Entertainment,,,,
164,267,40.73939794092962,-73.99320973426613,26195,General Entertainment,2012-04-08 13:31:59+00:00,New York City,Arts and Entertainment,General Entertainment,,,,
165,267,40.73939794092962,-73.99320973426613,26195,General Entertainment,2012-04-08 13:32:08+00:00,New York City,Arts and Entertainment,General Entertainment,,,,
166,267,40.73939794092962,-73.99320973426613,26195,General Entertainment,2012-04-08 13:32:18+00:00,New York City,Arts and Entertainment,General Entertainment,,,,
167,267,40.86512892518245,-73.8493811129053,25234,Gas Station / Garage,2012-04-08 21:14:51+00:00,New York City,Travel and Transportation,Fuel Station,,,,
168,267,40.86565,-73.850893,22044,Playground,2012-04-08 21:51:10+00:00,New York City,Landmarks and Outdoors,Park,,,,
169,267,40.83009592284781,-73.89184355735779,32737,General Travel,2012-04-15 00:42:47+00:00,New York City,Travel and Transportation,General Travel,,,,
170,267,40.854834946546106,-73.88604998588562,29385,Neighborhood,2012-04-15 01:09:10+00:00,New York City,Landmarks and Outdoors,States and Municipalities,,,,
171,267,40.85485832635308,-73.88580040988259,32160,Bar,2012-04-15 01:24:42+00:00,New York City,Dining and Drinking,Bar,,,,
172,267,40.75678244392934,-74.00150299072266,25885,General Entertainment,2012-04-15 18:05:30+00:00,New York City,Arts and Entertainment,General Entertainment,,,,
173,267,40.75671096305903,-74.00100198012031,1295,Convention Center,2012-04-15 18:06:03+00:00,New York City,Business and Professional Services,Convention Center,,,,
174,267,40.756406637749976,-74.00194405091003,34327,General Entertainment,2012-04-15 20:07:08+00:00,New York City,Arts and Entertainment,General Entertainment,,,,
175,267,40.83013107750001,-73.89150789839596,32862,Neighborhood,2012-04-22 01:01:56+00:00,New York City,Landmarks and Outdoors,States and Municipalities,,,,
176,267,40.83009592284781,-73.89184355735779,32737,General Travel,2012-04-22 06:48:05+00:00,New York City,Travel and Transportation,General Travel,,,,
177,267,40.850988,-73.882327,34306,Moving Target,2012-04-22 06:49:27+00:00,New York City,Travel and Transportation,Moving Target,,,,
178,267,40.8569934914807,-73.88066411018372,32740,General Travel,2012-04-22 06:53:55+00:00,New York City,Travel and Transportation,General Travel,,,,
179,267,40.85743168374378,-73.88182282447815,29492,Other Great Outdoors,2012-04-22 06:54:08+00:00,New York City,Landmarks and Outdoors,Other Great Outdoors,,,,
180,267,40.81780414338999,-73.85728597640991,34966,Other Great Outdoors,2012-04-22 16:48:42+00:00,New York City,Landmarks and Outdoors,Other Great Outdoors,,,,
181,267,40.81780414338999,-73.85728597640991,34966,Other Great Outdoors,2012-04-22 16:49:11+00:00,New York City,Landmarks and Outdoors,Other Great Outdoors,,,,
182,267,40.81780414338999,-73.85728597640991,34966,Other Great Outdoors,2012-04-22 16:49:17+00:00,New York City,Landmarks and Outdoors,Other Great Outdoors,,,,
183,267,40.82683040106188,-74.02969954298372,34971,Other Great Outdoors,2012-04-22 16:49:30+00:00,New York City,Landmarks and Outdoors,Other Great Outdoors,,,,
184,267,40.86819451757037,-73.82966984654962,17919,Clothing Store,2012-04-29 00:06:59+00:00,New York City,Retail,Fashion Retail,,,,
185,267,40.91143695415644,-73.77997398376465,8426,Mall,2012-04-29 01:01:53+00:00,New York City,Retail,Shopping Mall,,,,
186,267,40.90957208197064,-73.78051042556763,15752,Sporting Goods Shop,2012-04-29 01:02:44+00:00,New York City,Retail,Sporting Goods Retail,,,,
187,267,40.91193999019654,-73.77949835499888,9300,Movie Theater,2012-04-29 01:36:28+00:00,New York City,Arts and Entertainment,Movie Theater,,,,
188,267,40.85589345697807,-73.85563523759538,13571,Mexican Restaurant,2012-08-12 21:23:52+00:00,New York City,Dining and Drinking,Restaurant,,,,
189,267,40.72619063060512,-73.99146511873424,4846,Clothing Store,2012-07-08 22:06:38+00:00,New York City,Retail,Fashion Retail,,,,
190,267,40.72609608583284,-73.99607419967651,5770,Clothing Store,2012-07-08 23:09:32+00:00,New York City,Retail,Fashion Retail,,,,
191,267,40.72592867208607,-73.99639476444295,31418,Mexican Restaurant,2012-07-08 23:10:14+00:00,New York City,Dining and Drinking,Restaurant,,,,
192,267,40.7254830033675,-73.99645789063234,8809,Clothing Store,2012-07-08 23:57:42+00:00,New York City,Retail,Fashion Retail,,,,
193,267,40.750719454249314,-73.99113893508911,14090,Clothing Store,2012-07-15 21:10:22+00:00,New York City,Retail,Fashion Retail,,,,
194,267,40.75096328487971,-73.99081707000732,7995,Clothing Store,2012-07-15 21:19:51+00:00,New York City,Retail,Fashion Retail,,,,
195,267,40.75315436423719,-73.98905476854135,8595,Mexican Restaurant,2012-07-15 21:33:45+00:00,New York City,Dining and Drinking,Restaurant,,,,
196,267,40.757034,-73.978183,30962,Sporting Goods Shop,2012-07-15 22:28:10+00:00,New York City,Retail,Sporting Goods Retail,,,,
197,267,40.75406798339401,-73.98010969161987,23643,Clothing Store,2012-07-15 23:18:42+00:00,New York City,Retail,Fashion Retail,,,,
198,267,40.75463570120792,-73.98010177430896,5266,Electronics Store,2012-07-15 23:40:50+00:00,New York City,Retail,Computers and Electronics Retail,,,,
199,267,40.91067746418616,-73.78114719556064,15579,Pizza Place,2012-06-03 02:52:18+00:00,New York City,Dining and Drinking,Restaurant,,,,
200,267,40.86381375789642,-73.85660469532013,21837,Food & Drink Shop,2012-06-03 17:23:10+00:00,New York City,Retail,Food and Beverage Retail,,,,
201,267,40.87589804039504,-73.87825012207031,31158,Neighborhood,2012-06-10 00:56:32+00:00,New York City,Landmarks and Outdoors,States and Municipalities,,,,
202,267,40.865561,-73.85675211,21246,Chinese Restaurant,2012-06-10 22:02:03+00:00,New York City,Dining and Drinking,Restaurant,,,,
203,267,40.85803216472994,-73.85636329650879,31670,Plaza,2012-06-17 02:02:20+00:00,New York City,Landmarks and Outdoors,Plaza,,,,
204,267,40.85759397643896,-73.85633111000061,29671,Other Great Outdoors,2012-06-17 02:02:35+00:00,New York City,Landmarks and Outdoors,Other Great Outdoors,,,,
205,267,40.856987203438365,-73.86776962497729,34514,Neighborhood,2012-06-17 02:05:40+00:00,New York City,Landmarks and Outdoors,States and Municipalities,,,,
206,267,40.86614982408227,-73.86102775304363,20484,Drugstore / Pharmacy,2012-06-17 04:30:13+00:00,New York City,Retail,Pharmacy,,,,
207,267,40.86534257643486,-73.85832864238522,15318,Food & Drink Shop,2012-06-17 20:59:37+00:00,New York City,Retail,Food and Beverage Retail,,,,
208,267,40.85439105649562,-73.86379837989807,33374,Neighborhood,2012-05-06 17:22:10+00:00,New York City,Landmarks and Outdoors,States and Municipalities,,,,
209,267,40.91143695415644,-73.77997398376465,8426,Mall,2012-05-06 23:23:24+00:00,New York City,Retail,Shopping Mall,,,,
210,267,40.91193999019654,-73.77949835499888,9300,Movie Theater,2012-05-06 23:30:09+00:00,New York City,Arts and Entertainment,Movie Theater,,,,
211,267,40.65016889724004,-73.94957542419434,21907,Neighborhood,2012-05-13 01:33:20+00:00,New York City,Landmarks and Outdoors,States and Municipalities,,,,
212,267,40.80023122491412,-73.82881164550781,9362,Bridge,2012-05-13 04:42:44+00:00,New York City,Landmarks and Outdoors,Bridge,,,,
213,267,40.73752277959516,-73.98527275329975,35493,General Entertainment,2012-05-13 18:41:06+00:00,New York City,Arts and Entertainment,General Entertainment,,,,
214,267,40.77552917709761,-73.97142385887315,35777,Moving Target,2012-05-27 06:40:41+00:00,New York City,Travel and Transportation,Moving Target,,,,
215,267,40.85072864812675,-73.86681318283081,33374,Neighborhood,2012-05-27 17:22:00+00:00,New York City,Landmarks and Outdoors,States and Municipalities,,,,
216,267,40.87245323076741,-73.83819325801178,29902,Neighborhood,2012-04-05 12:01:48+00:00,New York City,Landmarks and Outdoors,States and Municipalities,,,,
217,267,40.8741592397011,-73.83753276420217,17155,Building,2012-04-05 12:02:25+00:00,New York City,Landmarks and Outdoors,Structure,,,,
218,267,40.86093848213368,-73.85743850202444,34685,Spanish Restaurant,2012-04-12 00:02:23+00:00,New York City,Dining and Drinking,Restaurant,,,,
219,267,40.862803360720974,-73.84731888771057,30993,Neighborhood,2012-04-12 03:41:23+00:00,New York City,Landmarks and Outdoors,States and Municipalities,,,,
220,267,40.86616246600479,-73.86088013648987,30994,Neighborhood,2012-04-12 03:41:32+00:00,New York City,Landmarks and Outdoors,States and Municipalities,,,,
221,267,40.87245323076741,-73.83819325801178,29902,Neighborhood,2012-04-12 11:59:55+00:00,New York City,Landmarks and Outdoors,States and Municipalities,,,,
222,267,40.8741592397011,-73.83753276420217,17155,Building,2012-04-12 12:04:27+00:00,New York City,Landmarks and Outdoors,Structure,,,,
223,267,40.87740673305284,-73.8387273948681,29902,Neighborhood,2012-04-19 12:01:23+00:00,New York City,Landmarks and Outdoors,States and Municipalities,,,,
224,267,40.8741592397011,-73.83753276420217,17155,Building,2012-04-19 12:01:37+00:00,New York City,Landmarks and Outdoors,Structure,,,,
225,267,40.86534257643486,-73.85832864238522,15318,Food & Drink Shop,2012-04-19 20:19:23+00:00,New York City,Retail,Food and Beverage Retail,,,,
226,267,40.8741592397011,-73.83753276420217,17155,Building,2012-04-26 12:16:18+00:00,New York City,Landmarks and Outdoors,Structure,,,,
227,267,40.856987203438365,-73.86776962497729,34514,Neighborhood,2012-07-05 20:53:15+00:00,New York City,Landmarks and Outdoors,States and Municipalities,,,,
228,267,40.85931639454374,-73.86722408176415,32496,Gas Station / Garage,2012-07-05 20:54:16+00:00,New York City,Travel and Transportation,Fuel Station,,,,
229,267,40.84302,-73.848816,13436,Salon / Barbershop,2012-07-05 22:56:55+00:00,New York City,Business and Professional Services,Health and Beauty Service,,,,
230,267,40.86736752916331,-73.82752744881535,9278,Mall,2012-07-26 22:41:36+00:00,New York City,Retail,Shopping Mall,,,,
231,267,40.86657328602514,-73.826482088148,22086,Clothing Store,2012-07-26 22:43:47+00:00,New York City,Retail,Fashion Retail,,,,
232,267,40.86715231477015,-73.82615089416504,14485,Sporting Goods Shop,2012-07-26 22:48:18+00:00,New York City,Retail,Sporting Goods Retail,,,,
233,267,40.87396726527642,-73.82932662963867,28369,Neighborhood,2012-07-26 23:09:49+00:00,New York City,Landmarks and Outdoors,States and Municipalities,,,,
234,267,40.866503235282565,-73.8257646560669,21344,Fast Food Restaurant,2012-07-26 23:11:15+00:00,New York City,Dining and Drinking,Restaurant,,,,
235,267,40.86708740710768,-73.82829666137695,24443,Other Great Outdoors,2012-07-26 23:36:22+00:00,New York City,Landmarks and Outdoors,Other Great Outdoors,,,,
236,267,40.86565,-73.850893,22044,Playground,2012-06-07 21:50:30+00:00,New York City,Landmarks and Outdoors,Park,,,,
237,267,40.86565,-73.850893,22044,Playground,2012-06-14 01:28:06+00:00,New York City,Landmarks and Outdoors,Park,,,,
238,267,40.87740673305284,-73.83824494873843,29902,Neighborhood,2012-05-03 11:59:27+00:00,New York City,Landmarks and Outdoors,States and Municipalities,,,,
239,267,40.87420817918266,-73.83777973171131,17155,Building,2012-05-03 11:59:42+00:00,New York City,Landmarks and Outdoors,Structure,,,,
240,267,40.870367598341545,-73.84296023475652,21021,Drugstore / Pharmacy,2012-05-03 13:59:05+00:00,New York City,Retail,Pharmacy,,,,
241,267,40.89656884509741,-73.79472806765762,9920,Food & Drink Shop,2012-05-03 20:35:28+00:00,New York City,Retail,Food and Beverage Retail,,,,
242,267,40.86534257643486,-73.85832864238522,15318,Food & Drink Shop,2012-05-10 18:11:10+00:00,New York City,Retail,Food and Beverage Retail,,,,
243,267,40.85803216472994,-73.85636329650879,31670,Plaza,2012-05-17 01:18:42+00:00,New York City,Landmarks and Outdoors,Plaza,,,,
244,267,40.8630578401963,-73.85696184456249,35604,Neighborhood,2012-05-17 20:50:46+00:00,New York City,Landmarks and Outdoors,States and Municipalities,,,,
245,267,40.85803216472994,-73.85636329650879,31670,Plaza,2012-05-31 17:33:07+00:00,New York City,Landmarks and Outdoors,Plaza,,,,
246,267,40.85920065266834,-73.89872074127197,30783,Neighborhood,2012-05-31 17:51:01+00:00,New York City,Landmarks and Outdoors,States and Municipalities,,,,
247,267,40.8617461366605,-73.89177202360972,17082,Plaza,2012-05-31 17:53:23+00:00,New York City,Landmarks and Outdoors,Plaza,,,,
248,267,40.85803216472994,-73.85636329650879,31670,Plaza,2012-05-31 19:49:03+00:00,New York City,Landmarks and Outdoors,Plaza,,,,
249,267,40.87097828520945,-73.82876808947316,28369,Neighborhood,2012-04-03 20:11:28+00:00,New York City,Landmarks and Outdoors,States and Municipalities,,,,
250,267,40.86782694231008,-73.82703923160857,9278,Mall,2012-04-03 20:11:54+00:00,New York City,Retail,Shopping Mall,,,,
251,267,40.868125922072615,-73.8257646560669,16656,Food & Drink Shop,2012-04-03 20:15:46+00:00,New York City,Retail,Food and Beverage Retail,,,,
252,267,40.862803360720974,-73.84731888771057,30993,Neighborhood,2012-04-10 22:35:35+00:00,New York City,Landmarks and Outdoors,States and Municipalities,,,,
253,267,40.86616246600479,-73.86088013648987,30994,Neighborhood,2012-04-10 22:36:05+00:00,New York City,Landmarks and Outdoors,States and Municipalities,,,,
254,267,40.87245323076741,-73.83819325801178,29902,Neighborhood,2012-04-17 12:03:58+00:00,New York City,Landmarks and Outdoors,States and Municipalities,,,,
255,267,40.8741592397011,-73.83753276420217,17155,Building,2012-04-17 12:14:22+00:00,New York City,Landmarks and Outdoors,Structure,,,,
256,267,40.859778,-73.855091,9756,Pizza Place,2012-04-17 20:48:43+00:00,New York City,Dining and Drinking,Restaurant,,,,
257,267,40.85803216472994,-73.85636329650879,31670,Plaza,2012-04-17 21:45:11+00:00,New York City,Landmarks and Outdoors,Plaza,,,,
258,267,40.85016719767451,-73.85196548603139,32217,Neighborhood,2012-04-17 21:45:36+00:00,New York City,Landmarks and Outdoors,States and Municipalities,,,,
259,267,40.85439105649562,-73.86379837989807,33374,Neighborhood,2012-04-24 00:34:35+00:00,New York City,Landmarks and Outdoors,States and Municipalities,,,,
260,267,40.87740673305284,-73.8387273948681,29902,Neighborhood,2012-04-24 12:00:44+00:00,New York City,Landmarks and Outdoors,States and Municipalities,,,,
261,267,40.8741592397011,-73.83753276420217,17155,Building,2012-04-24 12:01:01+00:00,New York City,Landmarks and Outdoors,Structure,,,,
262,267,40.8609235679811,-73.86720111149035,17681,Automotive Shop,2012-08-14 19:20:44+00:00,New York City,Retail,Automotive Shop,,,,
263,267,40.91143695415644,-73.77997398376465,8426,Mall,2012-07-17 01:51:45+00:00,New York City,Retail,Shopping Mall,,,,
264,267,40.80792360850182,-73.94556571636168,17806,Neighborhood,2012-07-17 21:14:38+00:00,New York City,Landmarks and Outdoors,States and Municipalities,,,,
265,267,40.85803216472994,-73.85636329650879,31670,Plaza,2012-06-12 19:22:25+00:00,New York City,Landmarks and Outdoors,Plaza,,,,
266,267,40.856987203438365,-73.86776962497729,34514,Neighborhood,2012-06-12 19:30:19+00:00,New York City,Landmarks and Outdoors,States and Municipalities,,,,
267,267,40.85072864812675,-73.86681318283081,33374,Neighborhood,2012-06-12 19:49:01+00:00,New York City,Landmarks and Outdoors,States and Municipalities,,,,
268,267,40.8564629424463,-73.86816586067653,18298,Bank,2012-06-12 19:51:37+00:00,New York City,Business and Professional Services,Financial Service,,,,
269,267,40.864728,-73.85482,36166,Bank,2012-06-12 20:25:01+00:00,New York City,Business and Professional Services,Financial Service,,,,
270,267,40.85589345697807,-73.85563523759538,13571,Mexican Restaurant,2012-06-12 22:08:27+00:00,New York City,Dining and Drinking,Restaurant,,,,
271,267,40.933811317591925,-73.89799118041992,18259,Plaza,2012-06-26 19:51:42+00:00,New York City,Landmarks and Outdoors,Plaza,,,,
272,267,40.86534257643486,-73.85832864238522,15318,Food & Drink Shop,2012-05-01 20:58:42+00:00,New York City,Retail,Food and Beverage Retail,,,,
273,267,40.86593071045558,-73.86132637577624,20484,Drugstore / Pharmacy,2012-05-01 21:48:44+00:00,New York City,Retail,Pharmacy,,,,
274,267,40.8617461366605,-73.89177202360972,17082,Plaza,2012-05-08 19:54:02+00:00,New York City,Landmarks and Outdoors,Plaza,,,,
275,267,40.85963883033115,-73.88753056526184,30783,Neighborhood,2012-05-08 19:55:16+00:00,New York City,Landmarks and Outdoors,States and Municipalities,,,,
276,267,40.86168142110424,-73.89172608881557,22875,Mall,2012-05-08 20:28:04+00:00,New York City,Retail,Shopping Mall,,,,
277,267,40.8620067358653,-73.8974965627943,11834,Paper / Office Supplies Store,2012-05-08 20:44:27+00:00,New York City,Retail,Office Supply Store,,,,
278,267,40.86199,-73.89747399978357,20421,Electronics Store,2012-05-08 20:56:10+00:00,New York City,Retail,Computers and Electronics Retail,,,,
279,267,40.862241044221456,-73.89602668709642,26791,Clothing Store,2012-05-08 21:13:19+00:00,New York City,Retail,Boutique,,,,
280,267,40.86121300024431,-73.89116764068604,11829,Electronics Store,2012-05-08 22:08:24+00:00,New York City,Retail,Computers and Electronics Retail,,,,
281,267,40.85803216472994,-73.85636329650879,31670,Plaza,2012-05-08 22:50:41+00:00,New York City,Landmarks and Outdoors,Plaza,,,,
282,267,40.73585642179972,-73.97406974625711,35093,Stadium,2012-05-15 05:14:25+00:00,New York City,Arts and Entertainment,Stadium,,,,
283,267,40.83009592284781,-73.89184355735779,32737,General Travel,2012-05-22 00:05:27+00:00,New York City,Travel and Transportation,General Travel,,,,
284,267,40.850988,-73.882327,34306,Moving Target,2012-05-22 00:06:19+00:00,New York City,Travel and Transportation,Moving Target,,,,
285,267,40.75404836175849,-73.98442336785773,31950,Other Great Outdoors,2012-05-22 08:30:13+00:00,New York City,Landmarks and Outdoors,Other Great Outdoors,,,,
286,267,40.865354,-73.85888,17085,Gas Station / Garage,2012-05-29 18:41:57+00:00,New York City,Travel and Transportation,Fuel Station,,,,
287,267,40.86534257643486,-73.85832864238522,15318,Food & Drink Shop,2012-05-29 18:46:41+00:00,New York City,Retail,Food and Beverage Retail,,,,
288,267,40.8656644821167,-73.85812819004059,15316,Deli / Bodega,2012-05-29 18:58:41+00:00,New York City,Dining and Drinking,Restaurant,,,,
289,267,40.856987203438365,-73.86776962497729,34514,Neighborhood,2012-05-29 20:59:31+00:00,New York City,Landmarks and Outdoors,States and Municipalities,,,,
290,267,40.85072864812675,-73.86681318283081,33374,Neighborhood,2012-05-29 21:00:07+00:00,New York City,Landmarks and Outdoors,States and Municipalities,,,,
291,267,40.85436427703266,-73.86773586273193,15091,Building,2012-05-29 21:01:20+00:00,New York City,Landmarks and Outdoors,Structure,,,,
292,267,40.870997980213694,-73.8487458229065,35604,Neighborhood,2012-05-29 21:26:57+00:00,New York City,Landmarks and Outdoors,States and Municipalities,,,,
293,267,40.85803216472994,-73.85636329650879,31670,Plaza,2012-05-29 21:31:47+00:00,New York City,Landmarks and Outdoors,Plaza,,,,
294,267,40.746736760718505,-73.98262023925781,34812,Other Great Outdoors,2012-05-29 21:42:46+00:00,New York City,Landmarks and Outdoors,Other Great Outdoors,,,,
295,267,40.862803360720974,-73.84731888771057,30993,Neighborhood,2012-04-04 03:09:34+00:00,New York City,Landmarks and Outdoors,States and Municipalities,,,,
296,267,40.86616246600479,-73.86088013648987,30994,Neighborhood,2012-04-04 03:09:43+00:00,New York City,Landmarks and Outdoors,States and Municipalities,,,,
297,267,40.87245323076741,-73.83819325801178,29902,Neighborhood,2012-04-04 12:05:34+00:00,New York City,Landmarks and Outdoors,States and Municipalities,,,,
298,267,40.8741592397011,-73.83753276420217,17155,Building,2012-04-04 12:06:14+00:00,New York City,Landmarks and Outdoors,Structure,,,,
299,267,40.85803216472994,-73.85636329650879,31670,Plaza,2012-04-18 00:05:22+00:00,New York City,Landmarks and Outdoors,Plaza,,,,
300,267,40.862803360720974,-73.84731888771057,30993,Neighborhood,2012-04-18 00:07:36+00:00,New York City,Landmarks and Outdoors,States and Municipalities,,,,
301,267,40.86616246600479,-73.86088013648987,30994,Neighborhood,2012-04-18 00:08:02+00:00,New York City,Landmarks and Outdoors,States and Municipalities,,,,
302,267,40.87740673305284,-73.8387273948681,29902,Neighborhood,2012-04-18 13:46:10+00:00,New York City,Landmarks and Outdoors,States and Municipalities,,,,
303,267,40.8741592397011,-73.83753276420217,17155,Building,2012-04-18 13:47:41+00:00,New York City,Landmarks and Outdoors,Structure,,,,
304,267,40.87698509068455,-73.84610652923584,20162,Fast Food Restaurant,2012-04-18 16:40:07+00:00,New York City,Dining and Drinking,Restaurant,,,,
305,267,40.87740673305284,-73.8387273948681,29902,Neighborhood,2012-04-25 12:03:16+00:00,New York City,Landmarks and Outdoors,States and Municipalities,,,,
306,267,40.8741592397011,-73.83753276420217,17155,Building,2012-04-25 12:03:49+00:00,New York City,Landmarks and Outdoors,Structure,,,,
307,267,40.85439105649562,-73.86379837989807,33374,Neighborhood,2012-04-25 20:23:13+00:00,New York City,Landmarks and Outdoors,States and Municipalities,,,,
308,267,40.752049922033954,-73.99408777489505,36478,Scenic Lookout,2012-07-04 21:46:00+00:00,New York City,Landmarks and Outdoors,Scenic Lookout,,,,
309,267,40.74696317219398,-73.96962165011914,36657,Other Great Outdoors,2012-07-18 21:19:55+00:00,New York City,Landmarks and Outdoors,Other Great Outdoors,,,,
310,267,40.91204505327958,-73.78089129924774,29886,General Entertainment,2012-07-18 23:43:53+00:00,New York City,Arts and Entertainment,General Entertainment,,,,
311,267,40.8564629424463,-73.86816586067653,18298,Bank,2012-06-06 17:21:10+00:00,New York City,Business and Professional Services,Financial Service,,,,
312,267,40.85803216472994,-73.85636329650879,31670,Plaza,2012-06-06 17:27:32+00:00,New York City,Landmarks and Outdoors,Plaza,,,,
313,267,40.85589345697807,-73.85563523759538,13571,Mexican Restaurant,2012-06-06 18:37:06+00:00,New York City,Dining and Drinking,Restaurant,,,,
314,267,40.86819451757037,-73.82966984654962,17919,Clothing Store,2012-06-06 22:04:24+00:00,New York City,Retail,Fashion Retail,,,,
315,267,40.867962,-73.825309,18094,Clothing Store,2012-06-06 22:33:09+00:00,New York City,Retail,Fashion Retail,,,,
316,267,40.86771905422211,-73.82546424865723,17763,Clothing Store,2012-06-06 23:01:35+00:00,New York City,Retail,Fashion Retail,,,,
317,267,40.86757662738591,-73.82557457276118,17628,Clothing Store,2012-06-06 23:01:49+00:00,New York City,Retail,Fashion Retail,,,,
318,267,40.86593917589151,-73.82634998173656,20766,Bagel Shop,2012-06-06 23:12:08+00:00,New York City,Dining and Drinking,Bagel Shop,,,,
319,267,40.86657328602514,-73.826482088148,22086,Clothing Store,2012-06-06 23:18:34+00:00,New York City,Retail,Fashion Retail,,,,
320,267,40.86708740710768,-73.82829666137695,24443,Other Great Outdoors,2012-06-06 23:28:37+00:00,New York City,Landmarks and Outdoors,Other Great Outdoors,,,,
321,267,40.86614982408227,-73.86102775304363,20484,Drugstore / Pharmacy,2012-06-13 00:12:11+00:00,New York City,Retail,Pharmacy,,,,
322,267,40.864158495179055,-73.85677232982906,22662,Italian Restaurant,2012-06-13 00:25:53+00:00,New York City,Dining and Drinking,Restaurant,,,,
323,267,40.85803216472994,-73.85636329650879,31670,Plaza,2012-06-13 19:26:19+00:00,New York City,Landmarks and Outdoors,Plaza,,,,
324,267,40.84302,-73.848816,13436,Salon / Barbershop,2012-06-13 19:48:52+00:00,New York City,Business and Professional Services,Health and Beauty Service,,,,
325,267,40.84272097301472,-73.85025406050882,34572,Neighborhood,2012-06-13 20:49:52+00:00,New York City,Landmarks and Outdoors,States and Municipalities,,,,
326,267,40.746736760718505,-73.98262023925781,34812,Other Great Outdoors,2012-06-20 19:59:42+00:00,New York City,Landmarks and Outdoors,Other Great Outdoors,,,,
327,267,40.968600992587135,-73.87743984452973,24804,Medical Center,2012-06-27 00:32:47+00:00,New York City,Health and Medicine,Physician,,,,
328,267,40.933811317591925,-73.89799118041992,18259,Plaza,2012-06-27 00:33:35+00:00,New York City,Landmarks and Outdoors,Plaza,,,,
329,267,40.87740673305284,-73.83824494873843,29902,Neighborhood,2012-05-02 11:56:41+00:00,New York City,Landmarks and Outdoors,States and Municipalities,,,,
330,267,40.87420817918266,-73.83777973171131,17155,Building,2012-05-02 11:57:01+00:00,New York City,Landmarks and Outdoors,Structure,,,,
331,267,40.76821187835956,-73.747518501918,19170,Neighborhood,2012-05-09 00:31:01+00:00,New York City,Landmarks and Outdoors,States and Municipalities,,,,
332,267,40.760719,-73.738226,31462,General Entertainment,2012-05-09 00:35:26+00:00,New York City,Arts and Entertainment,General Entertainment,,,,
333,267,40.79981701959628,-73.79351377487183,14809,Bridge,2012-05-09 02:49:56+00:00,New York City,Landmarks and Outdoors,Bridge,,,,
334,267,40.86555,-73.857211,24710,Deli / Bodega,2012-05-09 18:13:01+00:00,New York City,Dining and Drinking,Restaurant,,,,
335,267,40.85975267987929,-73.85534809205282,9756,Pizza Place,2012-05-16 21:06:00+00:00,New York City,Dining and Drinking,Restaurant,,,,
336,267,40.86782694231008,-73.82703923160857,9278,Mall,2012-05-16 21:30:31+00:00,New York City,Retail,Shopping Mall,,,,
337,267,40.867962,-73.825309,18094,Clothing Store,2012-05-16 23:28:37+00:00,New York City,Retail,Fashion Retail,,,,
338,267,40.86771905422211,-73.82546424865723,17763,Clothing Store,2012-05-16 23:36:13+00:00,New York City,Retail,Fashion Retail,,,,
339,267,40.86757662738591,-73.82557457276118,17628,Clothing Store,2012-05-16 23:36:40+00:00,New York City,Retail,Fashion Retail,,,,
340,267,40.86499,-73.829949,12860,Department Store,2012-05-16 23:47:59+00:00,New York City,Retail,Department Store,,,,
341,267,40.8925342076965,-73.81926205634014,21302,Mall,2012-05-23 20:32:52+00:00,New York City,Retail,Shopping Mall,,,,
342,267,40.89180980674431,-73.8201006733848,15060,Food & Drink Shop,2012-05-23 20:34:18+00:00,New York City,Retail,Food and Beverage Retail,,,,
343,267,40.86782694231008,-73.82703923160857,9278,Mall,2012-05-23 21:17:58+00:00,New York City,Retail,Shopping Mall,,,,
344,267,40.86819451757037,-73.82966984654962,17919,Clothing Store,2012-05-23 21:18:50+00:00,New York City,Retail,Fashion Retail,,,,
345,267,40.746736760718505,-73.98262023925781,34812,Other Great Outdoors,2012-05-30 06:00:18+00:00,New York City,Landmarks and Outdoors,Other Great Outdoors,,,,
346,267,40.75925243678466,-73.98430284664612,19223,Other Great Outdoors,2012-05-30 06:00:28+00:00,New York City,Landmarks and Outdoors,Other Great Outdoors,,,,
347,267,40.83009592284781,-73.89184355735779,32737,General Travel,2012-11-22 18:00:09+00:00,,Travel and Transportation,General Travel,23.0,3.0,nyc,Return
348,267,40.85439105649562,-73.86379837989807,33374,Neighborhood,2012-11-23 18:00:09+00:00,,Landmarks and Outdoors,States and Municipalities,24.0,3.0,nyc,Return
349,267,40.86616246600479,-73.86088013648987,30994,Neighborhood,2012-11-23 18:00:09+00:00,,Landmarks and Outdoors,States and Municipalities,24.0,3.0,nyc,Return
350,267,40.84302,-73.848816,13436,Salon / Barbershop,2012-11-23 18:00:09+00:00,,Business and Professional Services,Health and Beauty Service,24.0,3.0,nyc,Return
351,267,40.838113044534495,-73.8597069162864,15534,Plaza,2012-11-24 18:00:09+00:00,,Landmarks and Outdoors,Plaza,25.0,3.0,nyc,Explore
352,267,40.85450112819672,-73.86583936666666,15153,Pizza Place,2012-11-24 18:00:09+00:00,,Dining and Drinking,Restaurant,25.0,3.0,nyc,Return
353,267,40.85439105649562,-73.86379837989807,33374,Neighborhood,2012-11-24 18:00:09+00:00,,Landmarks and Outdoors,States and Municipalities,25.0,3.0,nyc,Return
354,267,40.86616246600479,-73.86088013648987,30994,Neighborhood,2012-11-24 18:00:09+00:00,,Landmarks and Outdoors,States and Municipalities,25.0,3.0,nyc,Return
355,267,40.759220487652186,-73.98880004882812,35300,Mexican Restaurant,2012-11-24 18:00:09+00:00,,Dining and Drinking,Restaurant,25.0,3.0,nyc,Return
356,267,40.85115700635544,-73.86785002069107,15337,Pool Hall,2012-11-25 18:00:09+00:00,,Arts and Entertainment,Pool Hall,26.0,3.0,nyc,Return
357,267,40.85439105649562,-73.86379837989807,33374,Neighborhood,2012-11-25 18:00:09+00:00,,Landmarks and Outdoors,States and Municipalities,26.0,3.0,nyc,Return
358,267,40.87364275972925,-73.91094088554382,14896,Bridge,2012-11-25 18:00:09+00:00,,Landmarks and Outdoors,Bridge,26.0,3.0,nyc,Explore
359,267,40.87591426515748,-73.90795826911926,30995,Neighborhood,2013-02-01 18:00:09+00:00,,Landmarks and Outdoors,States and Municipalities,94.0,13.0,nyc,Explore
360,267,40.85803216472994,-73.85636329650879,31670,Plaza,2013-02-02 18:00:09+00:00,,Landmarks and Outdoors,Plaza,95.0,13.0,nyc,Return
361,267,40.82877349853516,-73.85128784179688,37425,Neighborhood,2013-02-03 18:00:09+00:00,,Landmarks and Outdoors,States and Municipalities,96.0,13.0,nyc,Explore
362,267,40.832590827934254,-73.91493326646092,27852,Clothing Store,2013-02-03 18:00:09+00:00,,Retail,Fashion Retail,96.0,13.0,nyc,Rec
