,uid,lat,lng,venueID,venue_descr,time,city_name,First_Category,Second_Category,step,epoch,city,simulation_state
0,1017,40.73319215117446,-73.98261554174415,5205,Medical Center,2012-04-20 18:38:13+00:00,New York City,Health and Medicine,Hospital,,,,
1,1017,40.73319215117446,-73.98261554174415,5205,Medical Center,2012-04-20 18:42:29+00:00,New York City,Health and Medicine,Hospital,,,,
2,1017,40.73319215117446,-73.98261554174415,5205,Medical Center,2012-04-20 18:42:43+00:00,New York City,Health and Medicine,Hospital,,,,
3,1017,40.8519621874379,-73.82696628570557,13563,Park,2012-04-20 21:09:48+00:00,New York City,Landmarks and Outdoors,Park,,,,
4,1017,40.74959782183326,-73.98605346679688,24306,City,2012-07-13 00:48:25+00:00,New York City,Landmarks and Outdoors,States and Municipalities,,,,
5,1017,40.76796322894073,-73.981680056791,25986,Building,2012-07-13 00:48:39+00:00,New York City,Landmarks and Outdoors,Structure,,,,
6,1017,40.76803326982161,-73.98186922073364,2490,Plaza,2012-07-13 00:48:52+00:00,New York City,Landmarks and Outdoors,Plaza,,,,
7,1017,40.76792357432163,-73.98194432258606,1542,Mall,2012-07-13 00:49:02+00:00,New York City,Retail,Shopping Mall,,,,
8,1017,40.76848627915621,-73.98196127667283,31116,Beer Garden,2012-07-13 00:49:14+00:00,New York City,Dining and Drinking,Bar,,,,
9,1017,40.76806170936614,-73.98184776306152,1792,Food & Drink Shop,2012-07-13 00:49:25+00:00,New York City,Retail,Food and Beverage Retail,,,,
10,1017,40.8519621874379,-73.82696628570557,13563,Park,2012-07-13 20:09:09+00:00,New York City,Landmarks and Outdoors,Park,,,,
11,1017,40.82779176707752,-73.92473319114711,14144,American Restaurant,2012-07-13 20:10:20+00:00,New York City,Dining and Drinking,Restaurant,,,,
12,1017,40.82708730474406,-73.92414762077546,15246,Deli / Bodega,2012-07-13 20:10:30+00:00,New York City,Dining and Drinking,Restaurant,,,,
13,1017,40.82725456465587,-73.92356872558594,14326,Deli / Bodega,2012-07-13 20:13:07+00:00,New York City,Dining and Drinking,Restaurant,,,,
14,1017,40.827554228484,-73.9249628261051,13279,Bank,2012-07-13 20:13:21+00:00,New York City,Business and Professional Services,Financial Service,,,,
15,1017,40.82827721161922,-73.92655344439045,751,Stadium,2012-07-13 21:11:13+00:00,New York City,Arts and Entertainment,Stadium,,,,
16,1017,40.82827721161922,-73.92655344439045,751,Stadium,2012-07-13 21:11:32+00:00,New York City,Arts and Entertainment,Stadium,,,,
17,1017,40.82827721161922,-73.92655344439045,751,Stadium,2012-07-13 21:51:41+00:00,New York City,Arts and Entertainment,Stadium,,,,
18,1017,40.8519621874379,-73.82696628570557,13563,Park,2012-06-08 17:13:06+00:00,New York City,Landmarks and Outdoors,Park,,,,
19,1017,40.82779176707752,-73.92473319114711,14144,American Restaurant,2012-06-08 18:09:59+00:00,New York City,Dining and Drinking,Restaurant,,,,
20,1017,40.827554228484,-73.9249628261051,13279,Bank,2012-06-08 19:20:00+00:00,New York City,Business and Professional Services,Financial Service,,,,
21,1017,40.82802976763108,-73.92553117145862,9637,Fast Food Restaurant,2012-06-08 20:30:51+00:00,New York City,Dining and Drinking,Restaurant,,,,
22,1017,40.82865276773921,-73.92630618516934,25839,Gift Shop,2012-06-08 20:31:19+00:00,New York City,Retail,Gift Store,,,,
23,1017,40.82839112254263,-73.926100730896,6284,American Restaurant,2012-06-08 20:31:36+00:00,New York City,Dining and Drinking,Restaurant,,,,
24,1017,40.82708730474406,-73.92414762077546,15246,Deli / Bodega,2012-06-08 20:49:08+00:00,New York City,Dining and Drinking,Restaurant,,,,
25,1017,40.82708730474406,-73.92414762077546,15246,Deli / Bodega,2012-06-08 20:50:16+00:00,New York City,Dining and Drinking,Restaurant,,,,
26,1017,40.82802976763108,-73.92553117145862,9637,Fast Food Restaurant,2012-06-08 21:34:43+00:00,New York City,Dining and Drinking,Restaurant,,,,
27,1017,40.82827721161922,-73.92655344439045,751,Stadium,2012-06-08 22:49:20+00:00,New York City,Arts and Entertainment,Stadium,,,,
28,1017,40.8519621874379,-73.82696628570557,13563,Park,2012-05-04 00:53:00+00:00,New York City,Landmarks and Outdoors,Park,,,,
29,1017,40.87097828520945,-73.82876808947316,28369,Neighborhood,2012-05-04 00:53:58+00:00,New York City,Landmarks and Outdoors,States and Municipalities,,,,
30,1017,40.86782694231008,-73.82703923160857,9278,Mall,2012-05-04 00:54:18+00:00,New York City,Retail,Shopping Mall,,,,
31,1017,40.868482907830256,-73.83256673812866,25952,Other Great Outdoors,2012-05-04 00:54:50+00:00,New York City,Landmarks and Outdoors,Other Great Outdoors,,,,
32,1017,40.86782694231008,-73.82703923160857,9278,Mall,2012-05-04 00:55:00+00:00,New York City,Retail,Shopping Mall,,,,
33,1017,40.86703055282099,-73.82539651545649,8424,Movie Theater,2012-05-04 00:55:25+00:00,New York City,Arts and Entertainment,Movie Theater,,,,
34,1017,40.86782694231008,-73.82703923160857,9278,Mall,2012-05-04 04:25:53+00:00,New York City,Retail,Shopping Mall,,,,
35,1017,40.86499,-73.829949,12860,Department Store,2012-05-04 04:26:37+00:00,New York City,Retail,Department Store,,,,
36,1017,40.868482907830256,-73.83256673812866,25952,Other Great Outdoors,2012-05-04 04:26:50+00:00,New York City,Landmarks and Outdoors,Other Great Outdoors,,,,
37,1017,40.8519621874379,-73.82696628570557,13563,Park,2012-05-04 05:25:19+00:00,New York City,Landmarks and Outdoors,Park,,,,
38,1017,40.71122335281535,-74.00815486907959,1688,Electronics Store,2012-05-18 22:36:47+00:00,New York City,Retail,Computers and Electronics Retail,,,,
39,1017,40.71192983352193,-74.00780878897787,18934,Electronics Store,2012-05-18 22:37:11+00:00,New York City,Retail,Computers and Electronics Retail,,,,
40,1017,40.71178,-74.008477,19293,Caf�,2012-05-18 22:37:49+00:00,New York City,Dining and Drinking,"Cafe, Coffee, and Tea House",,,,
41,1017,40.71122335281535,-74.00815486907959,1688,Electronics Store,2012-05-18 22:38:03+00:00,New York City,Retail,Computers and Electronics Retail,,,,
42,1017,40.71192983352193,-74.00780878897787,18934,Electronics Store,2012-05-18 22:38:21+00:00,New York City,Retail,Computers and Electronics Retail,,,,
43,1017,40.82779176707752,-73.92473319114711,14144,American Restaurant,2012-09-14 14:15:49+00:00,New York City,Dining and Drinking,Restaurant,,,,
44,1017,40.82708730474406,-73.92414762077546,15246,Deli / Bodega,2012-09-14 14:15:53+00:00,New York City,Dining and Drinking,Restaurant,,,,
45,1017,40.82843102426456,-73.92630618516934,25839,Gift Shop,2012-09-14 14:16:28+00:00,New York City,Retail,Gift Store,,,,
46,1017,40.82802043025429,-73.92425095685167,5582,Restaurant,2012-09-14 14:17:47+00:00,New York City,Dining and Drinking,Restaurant,,,,
47,1017,40.75845677498381,-73.98914046612941,18884,Burger Joint,2012-09-14 17:33:24+00:00,New York City,Dining and Drinking,Restaurant,,,,
48,1017,40.75697749071767,-73.98905754089355,13936,Sporting Goods Shop,2012-09-14 18:33:19+00:00,New York City,Retail,Sporting Goods Retail,,,,
49,1017,40.749519,-73.987982,33612,Moving Target,2012-09-14 18:34:11+00:00,New York City,Travel and Transportation,Moving Target,,,,
50,1017,40.8519621874379,-73.82696628570557,13563,Park,2012-08-13 18:36:50+00:00,New York City,Landmarks and Outdoors,Park,,,,
51,1017,40.82708730474406,-73.92414762077546,15246,Deli / Bodega,2012-08-13 18:39:15+00:00,New York City,Dining and Drinking,Restaurant,,,,
52,1017,40.827554228484,-73.9249628261051,13279,Bank,2012-08-13 19:52:31+00:00,New York City,Business and Professional Services,Financial Service,,,,
53,1017,40.75247132233474,-73.99431158852992,1938,Movie Theater,2012-07-02 16:20:30+00:00,New York City,Arts and Entertainment,Movie Theater,,,,
54,1017,40.75186388623881,-73.99350815375443,5061,Drugstore / Pharmacy,2012-07-02 18:17:18+00:00,New York City,Retail,Pharmacy,,,,
55,1017,40.748915,-73.985989,17144,Clothing Store,2012-07-02 18:28:01+00:00,New York City,Retail,Fashion Retail,,,,
56,1017,40.749486,-73.988072,8998,Sporting Goods Shop,2012-07-02 18:37:23+00:00,New York City,Retail,Sporting Goods Retail,,,,
57,1017,40.74895076073203,-73.98866451851946,3444,Mall,2012-07-02 18:38:20+00:00,New York City,Retail,Shopping Mall,,,,
58,1017,40.75059023370984,-73.99135034084028,14073,Pizza Place,2012-07-02 19:18:57+00:00,New York City,Dining and Drinking,Restaurant,,,,
59,1017,40.75059023370984,-73.99135034084028,14073,Pizza Place,2012-07-02 19:20:37+00:00,New York City,Dining and Drinking,Restaurant,,,,
60,1017,40.750564,-73.99116,24666,Burger Joint,2012-07-02 19:20:55+00:00,New York City,Dining and Drinking,Restaurant,,,,
61,1017,40.75327623015063,-73.99476495381016,27418,Medical Center,2012-07-02 20:03:50+00:00,New York City,Health and Medicine,Medical Center,,,,
62,1017,40.753005134448905,-73.99641771942332,7104,Camera Store,2012-07-02 20:04:05+00:00,New York City,Retail,Computers and Electronics Retail,,,,
63,1017,40.753005134448905,-73.99641771942332,7104,Camera Store,2012-07-02 21:12:32+00:00,New York City,Retail,Computers and Electronics Retail,,,,
64,1017,40.85058256958224,-73.83346796035767,21416,Neighborhood,2012-07-02 23:14:31+00:00,New York City,Landmarks and Outdoors,States and Municipalities,,,,
65,1017,40.8519621874379,-73.82696628570557,13563,Park,2012-06-11 19:40:38+00:00,New York City,Landmarks and Outdoors,Park,,,,
66,1017,40.85251828982853,-73.82728621222843,15073,Coffee Shop,2012-06-11 19:41:22+00:00,New York City,Dining and Drinking,"Cafe, Coffee, and Tea House",,,,
67,1017,40.85265607007283,-73.82740683055866,13703,Donut Shop,2012-06-11 19:41:38+00:00,New York City,Dining and Drinking,Donut Shop,,,,
68,1017,40.8519621874379,-73.82696628570557,13563,Park,2012-06-18 19:26:59+00:00,New York City,Landmarks and Outdoors,Park,,,,
69,1017,40.85170170968928,-73.83042800855333,26592,Snack Place,2012-06-18 19:27:27+00:00,New York City,Dining and Drinking,Snack Place,,,,
70,1017,40.85190569326003,-73.82949753659797,15085,Bank,2012-06-18 19:27:56+00:00,New York City,Business and Professional Services,Financial Service,,,,
71,1017,40.851897264888805,-73.82898330688477,11180,Food & Drink Shop,2012-06-18 20:21:01+00:00,New York City,Retail,Food and Beverage Retail,,,,
72,1017,40.745877199136686,-73.97780567407608,1578,Sandwich Place,2012-05-07 16:36:46+00:00,New York City,Dining and Drinking,Restaurant,,,,
73,1017,40.74697,-73.98138,2842,Coffee Shop,2012-05-07 17:16:03+00:00,New York City,Dining and Drinking,"Cafe, Coffee, and Tea House",,,,
74,1017,40.76393850093645,-73.97308830420383,1652,Electronics Store,2012-05-07 18:25:49+00:00,New York City,Retail,Computers and Electronics Retail,,,,
75,1017,40.76393850093645,-73.97308830420383,1652,Electronics Store,2012-05-07 18:26:01+00:00,New York City,Retail,Computers and Electronics Retail,,,,
76,1017,40.76393850093645,-73.97308830420383,1652,Electronics Store,2012-05-07 20:35:22+00:00,New York City,Retail,Computers and Electronics Retail,,,,
77,1017,40.8519621874379,-73.82696628570557,13563,Park,2012-05-07 22:36:24+00:00,New York City,Landmarks and Outdoors,Park,,,,
78,1017,40.85265607007283,-73.82740683055866,13703,Donut Shop,2012-05-07 22:39:30+00:00,New York City,Dining and Drinking,Donut Shop,,,,
79,1017,40.85251828982853,-73.82728621222843,15073,Coffee Shop,2012-05-07 22:39:44+00:00,New York City,Dining and Drinking,"Cafe, Coffee, and Tea House",,,,
80,1017,40.852283243360674,-73.82749873018948,21424,Drugstore / Pharmacy,2012-05-07 22:39:57+00:00,New York City,Retail,Pharmacy,,,,
81,1017,40.8519621874379,-73.82696628570557,13563,Park,2012-05-07 22:40:10+00:00,New York City,Landmarks and Outdoors,Park,,,,
82,1017,40.8519621874379,-73.82696628570557,13563,Park,2012-05-14 00:26:24+00:00,New York City,Landmarks and Outdoors,Park,,,,
83,1017,40.852283243360674,-73.82749873018948,21424,Drugstore / Pharmacy,2012-05-14 00:27:15+00:00,New York City,Retail,Pharmacy,,,,
84,1017,40.8519621874379,-73.82696628570557,13563,Park,2012-05-14 00:27:41+00:00,New York City,Landmarks and Outdoors,Park,,,,
85,1017,40.86714357184752,-73.82784335342485,9278,Mall,2012-05-28 01:20:36+00:00,New York City,Retail,Shopping Mall,,,,
86,1017,40.866503235282565,-73.8257646560669,21344,Fast Food Restaurant,2012-05-28 01:21:08+00:00,New York City,Dining and Drinking,Restaurant,,,,
87,1017,40.86714357184752,-73.82784335342485,9278,Mall,2012-05-28 01:21:22+00:00,New York City,Retail,Shopping Mall,,,,
88,1017,40.868482907830256,-73.83256673812866,25952,Other Great Outdoors,2012-05-28 01:33:53+00:00,New York City,Landmarks and Outdoors,Other Great Outdoors,,,,
89,1017,40.8519621874379,-73.82696628570557,13563,Park,2012-05-28 01:43:19+00:00,New York City,Landmarks and Outdoors,Park,,,,
90,1017,40.8519621874379,-73.82696628570557,13563,Park,2012-04-28 13:49:14+00:00,New York City,Landmarks and Outdoors,Park,,,,
91,1017,40.87097828520945,-73.82876808947316,28369,Neighborhood,2012-04-28 13:50:41+00:00,New York City,Landmarks and Outdoors,States and Municipalities,,,,
92,1017,40.86782694231008,-73.82703923160857,9278,Mall,2012-04-28 13:52:44+00:00,New York City,Retail,Shopping Mall,,,,
93,1017,40.866503235282565,-73.8257646560669,21344,Fast Food Restaurant,2012-04-28 14:04:57+00:00,New York City,Dining and Drinking,Restaurant,,,,
94,1017,40.86674826031884,-73.82558031654254,26538,Movie Theater,2012-04-28 14:05:18+00:00,New York City,Arts and Entertainment,Movie Theater,,,,
95,1017,40.86703055282099,-73.82539651545649,8424,Movie Theater,2012-04-28 14:05:52+00:00,New York City,Arts and Entertainment,Movie Theater,,,,
96,1017,40.86782694231008,-73.82703923160857,9278,Mall,2012-04-28 19:59:36+00:00,New York City,Retail,Shopping Mall,,,,
97,1017,40.86499,-73.829949,12860,Department Store,2012-04-28 19:59:58+00:00,New York City,Retail,Department Store,,,,
98,1017,40.868482907830256,-73.83256673812866,25952,Other Great Outdoors,2012-04-28 20:00:29+00:00,New York City,Landmarks and Outdoors,Other Great Outdoors,,,,
99,1017,40.8519621874379,-73.82696628570557,13563,Park,2012-04-28 20:11:23+00:00,New York City,Landmarks and Outdoors,Park,,,,
100,1017,40.8519621874379,-73.82696628570557,13563,Park,2012-06-02 22:51:25+00:00,New York City,Landmarks and Outdoors,Park,,,,
101,1017,40.87396726527642,-73.82932662963867,28369,Neighborhood,2012-06-02 22:52:01+00:00,New York City,Landmarks and Outdoors,States and Municipalities,,,,
102,1017,40.87396726527642,-73.82932662963867,28369,Neighborhood,2012-06-02 22:52:12+00:00,New York City,Landmarks and Outdoors,States and Municipalities,,,,
103,1017,40.868482907830256,-73.83256673812866,25952,Other Great Outdoors,2012-06-02 22:52:51+00:00,New York City,Landmarks and Outdoors,Other Great Outdoors,,,,
104,1017,40.86736752916331,-73.82752744881535,9278,Mall,2012-06-02 22:52:59+00:00,New York City,Retail,Shopping Mall,,,,
105,1017,40.86499,-73.829949,12860,Department Store,2012-06-02 22:53:08+00:00,New York City,Retail,Department Store,,,,
106,1017,40.86736752916331,-73.82752744881535,9278,Mall,2012-06-02 22:53:18+00:00,New York City,Retail,Shopping Mall,,,,
107,1017,40.86703055282099,-73.82539651545649,8424,Movie Theater,2012-06-02 22:53:33+00:00,New York City,Arts and Entertainment,Movie Theater,,,,
108,1017,40.86736752916331,-73.82752744881535,9278,Mall,2012-06-02 22:53:41+00:00,New York City,Retail,Shopping Mall,,,,
109,1017,40.86736752916331,-73.82752744881535,9278,Mall,2012-06-02 22:54:08+00:00,New York City,Retail,Shopping Mall,,,,
110,1017,40.86715231477015,-73.82615089416504,14485,Sporting Goods Shop,2012-06-02 22:54:41+00:00,New York City,Retail,Sporting Goods Retail,,,,
111,1017,40.86736752916331,-73.82752744881535,9278,Mall,2012-06-02 22:55:00+00:00,New York City,Retail,Shopping Mall,,,,
112,1017,40.86711948571236,-73.8266773757251,20423,Electronics Store,2012-06-02 22:55:27+00:00,New York City,Retail,Computers and Electronics Retail,,,,
113,1017,40.86736752916331,-73.82752744881535,9278,Mall,2012-06-02 22:55:47+00:00,New York City,Retail,Shopping Mall,,,,
114,1017,40.86708740710768,-73.82829666137695,24443,Other Great Outdoors,2012-06-02 22:56:20+00:00,New York City,Landmarks and Outdoors,Other Great Outdoors,,,,
115,1017,40.868482907830256,-73.83256673812866,25952,Other Great Outdoors,2012-06-02 22:56:27+00:00,New York City,Landmarks and Outdoors,Other Great Outdoors,,,,
116,1017,40.8519621874379,-73.82696628570557,13563,Park,2012-06-02 22:58:12+00:00,New York City,Landmarks and Outdoors,Park,,,,
117,1017,40.85035207961527,-73.82837751825335,21416,Neighborhood,2012-06-09 03:06:13+00:00,New York City,Landmarks and Outdoors,States and Municipalities,,,,
118,1017,40.8519621874379,-73.82696628570557,13563,Park,2012-06-09 17:16:21+00:00,New York City,Landmarks and Outdoors,Park,,,,
119,1017,40.8519621874379,-73.82696628570557,13563,Park,2012-06-09 17:30:40+00:00,New York City,Landmarks and Outdoors,Park,,,,
120,1017,40.87396726527642,-73.82932662963867,28369,Neighborhood,2012-06-09 20:14:35+00:00,New York City,Landmarks and Outdoors,States and Municipalities,,,,
121,1017,40.87396726527642,-73.82932662963867,28369,Neighborhood,2012-06-09 20:15:09+00:00,New York City,Landmarks and Outdoors,States and Municipalities,,,,
122,1017,40.86736752916331,-73.82752744881535,9278,Mall,2012-06-09 20:16:04+00:00,New York City,Retail,Shopping Mall,,,,
123,1017,40.86499,-73.829949,12860,Department Store,2012-06-09 20:16:32+00:00,New York City,Retail,Department Store,,,,
124,1017,40.86674826031884,-73.82558031654254,26538,Movie Theater,2012-06-09 20:17:40+00:00,New York City,Arts and Entertainment,Movie Theater,,,,
125,1017,40.866503235282565,-73.8257646560669,21344,Fast Food Restaurant,2012-06-09 23:03:14+00:00,New York City,Dining and Drinking,Restaurant,,,,
126,1017,40.86771905422211,-73.82546424865723,17763,Clothing Store,2012-06-09 23:04:02+00:00,New York City,Retail,Fashion Retail,,,,
127,1017,40.86736752916331,-73.82752744881535,9278,Mall,2012-06-09 23:04:20+00:00,New York City,Retail,Shopping Mall,,,,
128,1017,40.868482907830256,-73.83256673812866,25952,Other Great Outdoors,2012-06-09 23:06:05+00:00,New York City,Landmarks and Outdoors,Other Great Outdoors,,,,
129,1017,40.8519621874379,-73.82696628570557,13563,Park,2012-05-05 23:53:09+00:00,New York City,Landmarks and Outdoors,Park,,,,
130,1017,40.87097828520945,-73.82876808947316,28369,Neighborhood,2012-05-05 23:53:36+00:00,New York City,Landmarks and Outdoors,States and Municipalities,,,,
131,1017,40.86782694231008,-73.82703923160857,9278,Mall,2012-05-05 23:53:55+00:00,New York City,Retail,Shopping Mall,,,,
132,1017,40.86499,-73.829949,12860,Department Store,2012-05-05 23:54:05+00:00,New York City,Retail,Department Store,,,,
133,1017,40.868482907830256,-73.83256673812866,25952,Other Great Outdoors,2012-05-05 23:54:16+00:00,New York City,Landmarks and Outdoors,Other Great Outdoors,,,,
134,1017,40.86782694231008,-73.82703923160857,9278,Mall,2012-05-05 23:54:24+00:00,New York City,Retail,Shopping Mall,,,,
135,1017,40.86674826031884,-73.82558031654254,26538,Movie Theater,2012-05-05 23:54:34+00:00,New York City,Arts and Entertainment,Movie Theater,,,,
136,1017,40.86703055282099,-73.82539651545649,8424,Movie Theater,2012-05-05 23:54:41+00:00,New York City,Arts and Entertainment,Movie Theater,,,,
137,1017,40.86703055282099,-73.82539651545649,8424,Movie Theater,2012-05-05 23:59:40+00:00,New York City,Arts and Entertainment,Movie Theater,,,,
138,1017,40.8519621874379,-73.82696628570557,13563,Park,2012-05-12 22:23:03+00:00,New York City,Landmarks and Outdoors,Park,,,,
139,1017,40.87097828520945,-73.82876808947316,28369,Neighborhood,2012-05-12 22:23:59+00:00,New York City,Landmarks and Outdoors,States and Municipalities,,,,
140,1017,40.86782694231008,-73.82703923160857,9278,Mall,2012-05-12 22:24:20+00:00,New York City,Retail,Shopping Mall,,,,
141,1017,40.86499,-73.829949,12860,Department Store,2012-05-12 22:24:28+00:00,New York City,Retail,Department Store,,,,
142,1017,40.868482907830256,-73.83256673812866,25952,Other Great Outdoors,2012-05-12 22:24:37+00:00,New York City,Landmarks and Outdoors,Other Great Outdoors,,,,
143,1017,40.86782694231008,-73.82703923160857,9278,Mall,2012-05-12 22:24:46+00:00,New York City,Retail,Shopping Mall,,,,
144,1017,40.86674826031884,-73.82558031654254,26538,Movie Theater,2012-05-12 22:24:57+00:00,New York City,Arts and Entertainment,Movie Theater,,,,
145,1017,40.86703055282099,-73.82539651545649,8424,Movie Theater,2012-05-12 22:25:06+00:00,New York City,Arts and Entertainment,Movie Theater,,,,
146,1017,40.86782694231008,-73.82703923160857,9278,Mall,2012-05-12 22:25:16+00:00,New York City,Retail,Shopping Mall,,,,
147,1017,40.86499,-73.829949,12860,Department Store,2012-05-12 22:25:34+00:00,New York City,Retail,Department Store,,,,
148,1017,40.86708740710768,-73.82829666137695,24443,Other Great Outdoors,2012-05-12 22:25:51+00:00,New York City,Landmarks and Outdoors,Other Great Outdoors,,,,
149,1017,40.8519621874379,-73.82696628570557,13563,Park,2012-05-12 22:26:41+00:00,New York City,Landmarks and Outdoors,Park,,,,
150,1017,40.8519621874379,-73.82696628570557,13563,Park,2012-05-12 22:28:06+00:00,New York City,Landmarks and Outdoors,Park,,,,
151,1017,40.8519621874379,-73.82696628570557,13563,Park,2012-05-12 22:29:10+00:00,New York City,Landmarks and Outdoors,Park,,,,
152,1017,40.85035207961527,-73.82837751825335,21416,Neighborhood,2012-05-19 00:52:19+00:00,New York City,Landmarks and Outdoors,States and Municipalities,,,,
153,1017,40.8519621874379,-73.82696628570557,13563,Park,2012-05-19 00:52:27+00:00,New York City,Landmarks and Outdoors,Park,,,,
154,1017,40.86782694231008,-73.82703923160857,9278,Mall,2012-05-19 21:21:27+00:00,New York City,Retail,Shopping Mall,,,,
155,1017,40.86499,-73.829949,12860,Department Store,2012-05-19 21:21:53+00:00,New York City,Retail,Department Store,,,,
156,1017,40.86674826031884,-73.82558031654254,26538,Movie Theater,2012-05-19 21:22:10+00:00,New York City,Arts and Entertainment,Movie Theater,,,,
157,1017,40.86703055282099,-73.82539651545649,8424,Movie Theater,2012-05-19 21:22:17+00:00,New York City,Arts and Entertainment,Movie Theater,,,,
158,1017,40.866503235282565,-73.8257646560669,21344,Fast Food Restaurant,2012-05-19 21:22:37+00:00,New York City,Dining and Drinking,Restaurant,,,,
159,1017,40.86782694231008,-73.82703923160857,9278,Mall,2012-05-19 21:22:45+00:00,New York City,Retail,Shopping Mall,,,,
160,1017,40.86674826031884,-73.82558031654254,26538,Movie Theater,2012-05-19 21:22:54+00:00,New York City,Arts and Entertainment,Movie Theater,,,,
161,1017,40.86703055282099,-73.82539651545649,8424,Movie Theater,2012-05-19 21:23:02+00:00,New York City,Arts and Entertainment,Movie Theater,,,,
162,1017,40.86782694231008,-73.82703923160857,9278,Mall,2012-05-19 21:23:12+00:00,New York City,Retail,Shopping Mall,,,,
163,1017,40.866503235282565,-73.8257646560669,21344,Fast Food Restaurant,2012-05-19 21:23:19+00:00,New York City,Dining and Drinking,Restaurant,,,,
164,1017,40.868482907830256,-73.83256673812866,25952,Other Great Outdoors,2012-05-19 21:46:30+00:00,New York City,Landmarks and Outdoors,Other Great Outdoors,,,,
165,1017,40.85058256958224,-73.83346796035767,21416,Neighborhood,2012-09-15 02:43:34+00:00,New York City,Landmarks and Outdoors,States and Municipalities,,,,
166,1017,40.69522131019791,-73.92566321105014,30998,Office,2012-09-15 02:45:42+00:00,New York City,Business and Professional Services,Office,,,,
167,1017,40.85244859354408,-73.82763083583397,21424,Drugstore / Pharmacy,2012-09-15 02:46:03+00:00,New York City,Retail,Pharmacy,,,,
168,1017,40.8519621874379,-73.82696628570557,13563,Park,2012-09-15 02:46:17+00:00,New York City,Landmarks and Outdoors,Park,,,,
169,1017,40.87396726527642,-73.82932662963867,28369,Neighborhood,2012-09-15 02:48:32+00:00,New York City,Landmarks and Outdoors,States and Municipalities,,,,
170,1017,40.86736752916331,-73.82752744881535,9278,Mall,2012-09-15 02:50:47+00:00,New York City,Retail,Shopping Mall,,,,
171,1017,40.86703055282099,-73.82539651545649,8424,Movie Theater,2012-09-15 02:51:09+00:00,New York City,Arts and Entertainment,Movie Theater,,,,
172,1017,40.86736752916331,-73.82752744881535,9278,Mall,2012-09-15 02:51:44+00:00,New York City,Retail,Shopping Mall,,,,
173,1017,40.86736752916331,-73.82752744881535,9278,Mall,2012-09-15 02:52:21+00:00,New York City,Retail,Shopping Mall,,,,
174,1017,40.86708740710768,-73.82829666137695,24443,Other Great Outdoors,2012-09-15 02:52:44+00:00,New York City,Landmarks and Outdoors,Other Great Outdoors,,,,
175,1017,40.85058256958224,-73.83346796035767,21416,Neighborhood,2012-09-15 02:54:31+00:00,New York City,Landmarks and Outdoors,States and Municipalities,,,,
176,1017,40.69522131019791,-73.92566321105014,30998,Office,2012-09-15 02:55:34+00:00,New York City,Business and Professional Services,Office,,,,
177,1017,40.8519621874379,-73.82696628570557,13563,Park,2012-09-15 02:55:44+00:00,New York City,Landmarks and Outdoors,Park,,,,
178,1017,40.851897264888805,-73.82898330688477,11180,Food & Drink Shop,2012-09-15 02:56:06+00:00,New York City,Retail,Food and Beverage Retail,,,,
179,1017,40.69522131019791,-73.92566321105014,30998,Office,2012-09-15 03:00:05+00:00,New York City,Business and Professional Services,Office,,,,
180,1017,40.8519621874379,-73.82696628570557,13563,Park,2012-07-01 00:59:58+00:00,New York City,Landmarks and Outdoors,Park,,,,
181,1017,40.87396726527642,-73.82932662963867,28369,Neighborhood,2012-07-01 01:02:58+00:00,New York City,Landmarks and Outdoors,States and Municipalities,,,,
182,1017,40.87396726527642,-73.82932662963867,28369,Neighborhood,2012-07-01 01:04:38+00:00,New York City,Landmarks and Outdoors,States and Municipalities,,,,
183,1017,40.8519621874379,-73.82696628570557,13563,Park,2012-06-10 00:32:39+00:00,New York City,Landmarks and Outdoors,Park,,,,
184,1017,40.8519621874379,-73.82696628570557,13563,Park,2012-06-10 17:52:54+00:00,New York City,Landmarks and Outdoors,Park,,,,
185,1017,40.87396726527642,-73.82932662963867,28369,Neighborhood,2012-06-10 17:53:43+00:00,New York City,Landmarks and Outdoors,States and Municipalities,,,,
186,1017,40.868482907830256,-73.83256673812866,25952,Other Great Outdoors,2012-06-10 17:55:43+00:00,New York City,Landmarks and Outdoors,Other Great Outdoors,,,,
187,1017,40.86736752916331,-73.82752744881535,9278,Mall,2012-06-10 17:56:00+00:00,New York City,Retail,Shopping Mall,,,,
188,1017,40.86499,-73.829949,12860,Department Store,2012-06-10 17:56:45+00:00,New York City,Retail,Department Store,,,,
189,1017,40.86736752916331,-73.82752744881535,9278,Mall,2012-06-10 17:57:05+00:00,New York City,Retail,Shopping Mall,,,,
190,1017,40.86674826031884,-73.82558031654254,26538,Movie Theater,2012-06-10 17:58:10+00:00,New York City,Arts and Entertainment,Movie Theater,,,,
191,1017,40.86736752916331,-73.82752744881535,9278,Mall,2012-06-10 21:40:34+00:00,New York City,Retail,Shopping Mall,,,,
192,1017,40.866503235282565,-73.8257646560669,21344,Fast Food Restaurant,2012-06-10 21:40:47+00:00,New York City,Dining and Drinking,Restaurant,,,,
193,1017,40.86657328602514,-73.826482088148,22086,Clothing Store,2012-06-10 21:51:23+00:00,New York City,Retail,Fashion Retail,,,,
194,1017,40.86736752916331,-73.82752744881535,9278,Mall,2012-06-10 21:51:38+00:00,New York City,Retail,Shopping Mall,,,,
195,1017,40.86708740710768,-73.82829666137695,24443,Other Great Outdoors,2012-06-10 21:52:24+00:00,New York City,Landmarks and Outdoors,Other Great Outdoors,,,,
196,1017,40.868482907830256,-73.83256673812866,25952,Other Great Outdoors,2012-06-10 21:52:52+00:00,New York City,Landmarks and Outdoors,Other Great Outdoors,,,,
197,1017,40.8519621874379,-73.82696628570557,13563,Park,2012-06-10 22:41:14+00:00,New York City,Landmarks and Outdoors,Park,,,,
198,1017,40.8519621874379,-73.82696628570557,13563,Park,2012-05-06 18:42:05+00:00,New York City,Landmarks and Outdoors,Park,,,,
199,1017,40.87097828520945,-73.82876808947316,28369,Neighborhood,2012-05-06 18:42:32+00:00,New York City,Landmarks and Outdoors,States and Municipalities,,,,
200,1017,40.86782694231008,-73.82703923160857,9278,Mall,2012-05-06 18:42:49+00:00,New York City,Retail,Shopping Mall,,,,
201,1017,40.86499,-73.829949,12860,Department Store,2012-05-06 18:42:58+00:00,New York City,Retail,Department Store,,,,
202,1017,40.86674826031884,-73.82558031654254,26538,Movie Theater,2012-05-06 18:43:25+00:00,New York City,Arts and Entertainment,Movie Theater,,,,
203,1017,40.86703055282099,-73.82539651545649,8424,Movie Theater,2012-05-06 18:43:33+00:00,New York City,Arts and Entertainment,Movie Theater,,,,
204,1017,40.86782694231008,-73.82703923160857,9278,Mall,2012-05-06 21:25:42+00:00,New York City,Retail,Shopping Mall,,,,
205,1017,40.86499,-73.829949,12860,Department Store,2012-05-06 21:25:56+00:00,New York City,Retail,Department Store,,,,
206,1017,40.86708740710768,-73.82829666137695,24443,Other Great Outdoors,2012-05-06 21:26:23+00:00,New York City,Landmarks and Outdoors,Other Great Outdoors,,,,
207,1017,40.868482907830256,-73.83256673812866,25952,Other Great Outdoors,2012-05-06 21:26:39+00:00,New York City,Landmarks and Outdoors,Other Great Outdoors,,,,
208,1017,40.8519621874379,-73.82696628570557,13563,Park,2012-05-06 21:59:19+00:00,New York City,Landmarks and Outdoors,Park,,,,
209,1017,40.8519621874379,-73.82696628570557,13563,Park,2012-05-13 16:59:58+00:00,New York City,Landmarks and Outdoors,Park,,,,
210,1017,40.86782694231008,-73.82703923160857,9278,Mall,2012-05-13 17:00:50+00:00,New York City,Retail,Shopping Mall,,,,
211,1017,40.86499,-73.829949,12860,Department Store,2012-05-13 17:00:59+00:00,New York City,Retail,Department Store,,,,
212,1017,40.868482907830256,-73.83256673812866,25952,Other Great Outdoors,2012-05-13 17:01:08+00:00,New York City,Landmarks and Outdoors,Other Great Outdoors,,,,
213,1017,40.86782694231008,-73.82703923160857,9278,Mall,2012-05-13 17:01:17+00:00,New York City,Retail,Shopping Mall,,,,
214,1017,40.86703055282099,-73.82539651545649,8424,Movie Theater,2012-05-13 17:01:32+00:00,New York City,Arts and Entertainment,Movie Theater,,,,
215,1017,40.86782694231008,-73.82703923160857,9278,Mall,2012-05-13 19:14:22+00:00,New York City,Retail,Shopping Mall,,,,
216,1017,40.866503235282565,-73.8257646560669,21344,Fast Food Restaurant,2012-05-13 19:14:39+00:00,New York City,Dining and Drinking,Restaurant,,,,
217,1017,40.86782694231008,-73.82703923160857,9278,Mall,2012-05-13 19:46:44+00:00,New York City,Retail,Shopping Mall,,,,
218,1017,40.868125922072615,-73.8257646560669,16656,Food & Drink Shop,2012-05-13 19:47:01+00:00,New York City,Retail,Food and Beverage Retail,,,,
219,1017,40.86782694231008,-73.82703923160857,9278,Mall,2012-05-13 20:14:54+00:00,New York City,Retail,Shopping Mall,,,,
220,1017,40.86593917589151,-73.82634998173656,20766,Bagel Shop,2012-05-13 20:15:19+00:00,New York City,Dining and Drinking,Bagel Shop,,,,
221,1017,40.86782694231008,-73.82703923160857,9278,Mall,2012-05-13 20:50:59+00:00,New York City,Retail,Shopping Mall,,,,
222,1017,40.868482907830256,-73.83256673812866,25952,Other Great Outdoors,2012-05-13 20:51:39+00:00,New York City,Landmarks and Outdoors,Other Great Outdoors,,,,
223,1017,40.8519621874379,-73.82696628570557,13563,Park,2012-05-27 19:39:28+00:00,New York City,Landmarks and Outdoors,Park,,,,
224,1017,40.8519621874379,-73.82696628570557,13563,Park,2012-05-27 19:39:47+00:00,New York City,Landmarks and Outdoors,Park,,,,
225,1017,40.87396726527642,-73.82932662963867,28369,Neighborhood,2012-05-27 19:40:22+00:00,New York City,Landmarks and Outdoors,States and Municipalities,,,,
226,1017,40.868482907830256,-73.83256673812866,25952,Other Great Outdoors,2012-05-27 19:40:41+00:00,New York City,Landmarks and Outdoors,Other Great Outdoors,,,,
227,1017,40.86714357184752,-73.82784335342485,9278,Mall,2012-05-27 19:40:50+00:00,New York City,Retail,Shopping Mall,,,,
228,1017,40.86499,-73.829949,12860,Department Store,2012-05-27 19:41:12+00:00,New York City,Retail,Department Store,,,,
229,1017,40.86714357184752,-73.82784335342485,9278,Mall,2012-05-27 19:41:19+00:00,New York City,Retail,Shopping Mall,,,,
230,1017,40.86703055282099,-73.82539651545649,8424,Movie Theater,2012-05-27 19:41:35+00:00,New York City,Arts and Entertainment,Movie Theater,,,,
231,1017,40.85058256958224,-73.83346796035767,21416,Neighborhood,2012-10-28 22:55:08+00:00,New York City,Landmarks and Outdoors,States and Municipalities,,,,
232,1017,40.78782018739577,-73.79104614257812,37651,Other Great Outdoors,2012-10-28 22:58:13+00:00,New York City,Landmarks and Outdoors,Other Great Outdoors,,,,
233,1017,40.8519621874379,-73.82696628570557,13563,Park,2012-08-09 20:26:31+00:00,New York City,Landmarks and Outdoors,Park,,,,
234,1017,40.868482907830256,-73.83256673812866,25952,Other Great Outdoors,2012-08-09 20:28:53+00:00,New York City,Landmarks and Outdoors,Other Great Outdoors,,,,
235,1017,40.86499,-73.829949,12860,Department Store,2012-08-09 20:29:24+00:00,New York City,Retail,Department Store,,,,
236,1017,40.86736752916331,-73.82752744881535,9278,Mall,2012-08-09 20:29:38+00:00,New York City,Retail,Shopping Mall,,,,
237,1017,40.86674826031884,-73.82558031654254,26538,Movie Theater,2012-08-09 20:30:08+00:00,New York City,Arts and Entertainment,Movie Theater,,,,
238,1017,40.86703055282099,-73.82539651545649,8424,Movie Theater,2012-08-09 20:30:32+00:00,New York City,Arts and Entertainment,Movie Theater,,,,
239,1017,40.86736752916331,-73.82752744881535,9278,Mall,2012-08-09 20:35:36+00:00,New York City,Retail,Shopping Mall,,,,
240,1017,40.866503235282565,-73.8257646560669,21344,Fast Food Restaurant,2012-08-09 20:46:39+00:00,New York City,Dining and Drinking,Restaurant,,,,
241,1017,40.866503235282565,-73.8257646560669,21344,Fast Food Restaurant,2012-08-09 20:48:14+00:00,New York City,Dining and Drinking,Restaurant,,,,
242,1017,40.86736752916331,-73.82752744881535,9278,Mall,2012-08-09 20:48:25+00:00,New York City,Retail,Shopping Mall,,,,
243,1017,40.86736752916331,-73.82752744881535,9278,Mall,2012-08-09 20:49:42+00:00,New York City,Retail,Shopping Mall,,,,
244,1017,40.86708740710768,-73.82829666137695,24443,Other Great Outdoors,2012-08-09 20:50:12+00:00,New York City,Landmarks and Outdoors,Other Great Outdoors,,,,
245,1017,40.868482907830256,-73.83256673812866,25952,Other Great Outdoors,2012-08-09 20:50:33+00:00,New York City,Landmarks and Outdoors,Other Great Outdoors,,,,
246,1017,40.8673309,-73.82683624,19117,Bank,2012-08-09 20:56:00+00:00,New York City,Business and Professional Services,Financial Service,,,,
247,1017,40.84946837940368,-73.82828561903075,27458,Church,2012-06-07 06:32:15+00:00,New York City,Community and Government,Spiritual Center,,,,
248,1017,40.8519621874379,-73.82696628570557,13563,Park,2012-05-03 12:59:18+00:00,New York City,Landmarks and Outdoors,Park,,,,
249,1017,40.85190569326003,-73.82949753659797,15085,Bank,2012-05-03 12:59:27+00:00,New York City,Business and Professional Services,Financial Service,,,,
250,1017,40.8519621874379,-73.82696628570557,13563,Park,2012-05-03 12:59:37+00:00,New York City,Landmarks and Outdoors,Park,,,,
251,1017,40.86782694231008,-73.82703923160857,9278,Mall,2012-05-03 13:00:21+00:00,New York City,Retail,Shopping Mall,,,,
252,1017,40.86674826031884,-73.82558031654254,26538,Movie Theater,2012-05-03 13:00:33+00:00,New York City,Arts and Entertainment,Movie Theater,,,,
253,1017,40.86703055282099,-73.82539651545649,8424,Movie Theater,2012-05-03 13:00:42+00:00,New York City,Arts and Entertainment,Movie Theater,,,,
254,1017,40.86703055282099,-73.82539651545649,8424,Movie Theater,2012-05-03 18:44:27+00:00,New York City,Arts and Entertainment,Movie Theater,,,,
255,1017,40.86782694231008,-73.82703923160857,9278,Mall,2012-05-03 21:13:28+00:00,New York City,Retail,Shopping Mall,,,,
256,1017,40.86499,-73.829949,12860,Department Store,2012-05-03 21:13:58+00:00,New York City,Retail,Department Store,,,,
257,1017,40.86708740710768,-73.82829666137695,24443,Other Great Outdoors,2012-05-03 21:14:27+00:00,New York City,Landmarks and Outdoors,Other Great Outdoors,,,,
258,1017,40.868482907830256,-73.83256673812866,25952,Other Great Outdoors,2012-05-03 21:14:46+00:00,New York City,Landmarks and Outdoors,Other Great Outdoors,,,,
259,1017,40.8519621874379,-73.82696628570557,13563,Park,2012-05-10 18:13:35+00:00,New York City,Landmarks and Outdoors,Park,,,,
260,1017,40.87097828520945,-73.82876808947316,28369,Neighborhood,2012-05-10 18:14:05+00:00,New York City,Landmarks and Outdoors,States and Municipalities,,,,
261,1017,40.86782694231008,-73.82703923160857,9278,Mall,2012-05-10 18:14:25+00:00,New York City,Retail,Shopping Mall,,,,
262,1017,40.86499,-73.829949,12860,Department Store,2012-05-10 18:14:34+00:00,New York City,Retail,Department Store,,,,
263,1017,40.868482907830256,-73.83256673812866,25952,Other Great Outdoors,2012-05-10 18:14:44+00:00,New York City,Landmarks and Outdoors,Other Great Outdoors,,,,
264,1017,40.86782694231008,-73.82703923160857,9278,Mall,2012-05-10 18:14:55+00:00,New York City,Retail,Shopping Mall,,,,
265,1017,40.86674826031884,-73.82558031654254,26538,Movie Theater,2012-05-10 18:15:07+00:00,New York City,Arts and Entertainment,Movie Theater,,,,
266,1017,40.86703055282099,-73.82539651545649,8424,Movie Theater,2012-05-10 18:15:15+00:00,New York City,Arts and Entertainment,Movie Theater,,,,
267,1017,40.86703055282099,-73.82539651545649,8424,Movie Theater,2012-05-10 18:38:58+00:00,New York City,Arts and Entertainment,Movie Theater,,,,
268,1017,40.86782694231008,-73.82703923160857,9278,Mall,2012-05-10 21:13:00+00:00,New York City,Retail,Shopping Mall,,,,
269,1017,40.866503235282565,-73.8257646560669,21344,Fast Food Restaurant,2012-05-10 21:13:11+00:00,New York City,Dining and Drinking,Restaurant,,,,
270,1017,40.86782694231008,-73.82703923160857,9278,Mall,2012-05-10 21:13:22+00:00,New York City,Retail,Shopping Mall,,,,
271,1017,40.86703055282099,-73.82539651545649,8424,Movie Theater,2012-05-10 21:13:36+00:00,New York City,Arts and Entertainment,Movie Theater,,,,
272,1017,40.86782694231008,-73.82703923160857,9278,Mall,2012-05-10 21:13:48+00:00,New York City,Retail,Shopping Mall,,,,
273,1017,40.86499,-73.829949,12860,Department Store,2012-05-10 21:14:03+00:00,New York City,Retail,Department Store,,,,
274,1017,40.868482907830256,-73.83256673812866,25952,Other Great Outdoors,2012-05-10 21:14:49+00:00,New York City,Landmarks and Outdoors,Other Great Outdoors,,,,
275,1017,40.868482907830256,-73.83256673812866,25952,Other Great Outdoors,2012-05-10 21:18:00+00:00,New York City,Landmarks and Outdoors,Other Great Outdoors,,,,
276,1017,40.85035207961527,-73.82837751825335,21416,Neighborhood,2012-05-17 00:36:14+00:00,New York City,Landmarks and Outdoors,States and Municipalities,,,,
277,1017,40.8519621874379,-73.82696628570557,13563,Park,2012-05-17 00:36:26+00:00,New York City,Landmarks and Outdoors,Park,,,,
278,1017,40.71122335281535,-74.00815486907959,1688,Electronics Store,2012-05-17 23:25:44+00:00,New York City,Retail,Computers and Electronics Retail,,,,
279,1017,40.87396726527642,-73.82932662963867,28369,Neighborhood,2012-05-24 01:35:44+00:00,New York City,Landmarks and Outdoors,States and Municipalities,,,,
280,1017,40.86714357184752,-73.82784335342485,9278,Mall,2012-05-24 01:36:01+00:00,New York City,Retail,Shopping Mall,,,,
281,1017,40.86714357184752,-73.82784335342485,9278,Mall,2012-05-24 01:36:22+00:00,New York City,Retail,Shopping Mall,,,,
282,1017,40.86674826031884,-73.82558031654254,26538,Movie Theater,2012-05-24 01:36:30+00:00,New York City,Arts and Entertainment,Movie Theater,,,,
283,1017,40.86703055282099,-73.82539651545649,8424,Movie Theater,2012-05-24 01:36:39+00:00,New York City,Arts and Entertainment,Movie Theater,,,,
284,1017,40.86714357184752,-73.82784335342485,9278,Mall,2012-05-24 01:36:47+00:00,New York City,Retail,Shopping Mall,,,,
285,1017,40.868482907830256,-73.83256673812866,25952,Other Great Outdoors,2012-05-24 01:37:03+00:00,New York City,Landmarks and Outdoors,Other Great Outdoors,,,,
286,1017,40.86499,-73.829949,12860,Department Store,2012-05-24 01:37:30+00:00,New York City,Retail,Department Store,,,,
287,1017,40.868482907830256,-73.83256673812866,25952,Other Great Outdoors,2012-05-24 01:37:39+00:00,New York City,Landmarks and Outdoors,Other Great Outdoors,,,,
288,1017,40.8519621874379,-73.82696628570557,13563,Park,2012-05-24 01:38:10+00:00,New York City,Landmarks and Outdoors,Park,,,,
289,1017,40.8519621874379,-73.82696628570557,13563,Park,2012-05-24 01:38:39+00:00,New York City,Landmarks and Outdoors,Park,,,,
290,1017,40.851897264888805,-73.82898330688477,11180,Food & Drink Shop,2012-05-24 01:38:56+00:00,New York City,Retail,Food and Beverage Retail,,,,
291,1017,40.8519621874379,-73.82696628570557,13563,Park,2012-05-24 01:39:11+00:00,New York City,Landmarks and Outdoors,Park,,,,
292,1017,40.8519621874379,-73.82696628570557,13563,Park,2012-05-31 17:43:44+00:00,New York City,Landmarks and Outdoors,Park,,,,
293,1017,40.86736752916331,-73.82752744881535,9278,Mall,2012-05-31 17:44:48+00:00,New York City,Retail,Shopping Mall,,,,
294,1017,40.86736752916331,-73.82752744881535,9278,Mall,2012-05-31 17:45:22+00:00,New York City,Retail,Shopping Mall,,,,
295,1017,40.86499,-73.829949,12860,Department Store,2012-05-31 17:45:30+00:00,New York City,Retail,Department Store,,,,
296,1017,40.86703055282099,-73.82539651545649,8424,Movie Theater,2012-05-31 17:45:56+00:00,New York City,Arts and Entertainment,Movie Theater,,,,
297,1017,40.71288320732525,-74.00767106724896,28847,Neighborhood,2012-08-14 20:36:40+00:00,New York City,Landmarks and Outdoors,States and Municipalities,,,,
298,1017,40.71192983352193,-74.00780878897787,18934,Electronics Store,2012-08-14 20:38:06+00:00,New York City,Retail,Computers and Electronics Retail,,,,
299,1017,40.71178,-74.008477,19293,Caf�,2012-08-14 20:38:26+00:00,New York City,Dining and Drinking,"Cafe, Coffee, and Tea House",,,,
300,1017,40.71192983352193,-74.00780878897787,18934,Electronics Store,2012-08-14 20:47:34+00:00,New York City,Retail,Computers and Electronics Retail,,,,
301,1017,40.715902761944456,-74.0124281478333,2398,Food & Drink Shop,2012-08-14 21:55:18+00:00,New York City,Retail,Food and Beverage Retail,,,,
302,1017,40.8519621874379,-73.82696628570557,13563,Park,2012-07-03 01:02:03+00:00,New York City,Landmarks and Outdoors,Park,,,,
303,1017,40.86674826031884,-73.82558031654254,26538,Movie Theater,2012-06-05 01:10:18+00:00,New York City,Arts and Entertainment,Movie Theater,,,,
304,1017,40.86703055282099,-73.82539651545649,8424,Movie Theater,2012-06-05 01:10:32+00:00,New York City,Arts and Entertainment,Movie Theater,,,,
305,1017,40.86736752916331,-73.82752744881535,9278,Mall,2012-06-05 03:33:29+00:00,New York City,Retail,Shopping Mall,,,,
306,1017,40.86499,-73.829949,12860,Department Store,2012-06-05 03:33:41+00:00,New York City,Retail,Department Store,,,,
307,1017,40.868482907830256,-73.83256673812866,25952,Other Great Outdoors,2012-06-05 03:34:01+00:00,New York City,Landmarks and Outdoors,Other Great Outdoors,,,,
308,1017,40.8519621874379,-73.82696628570557,13563,Park,2012-06-05 04:12:41+00:00,New York City,Landmarks and Outdoors,Park,,,,
309,1017,40.8519621874379,-73.82696628570557,13563,Park,2012-05-08 19:24:11+00:00,New York City,Landmarks and Outdoors,Park,,,,
310,1017,40.76393850093645,-73.97308830420383,1652,Electronics Store,2012-05-08 21:01:23+00:00,New York City,Retail,Computers and Electronics Retail,,,,
311,1017,40.76393850093645,-73.97308830420383,1652,Electronics Store,2012-05-08 21:01:35+00:00,New York City,Retail,Computers and Electronics Retail,,,,
312,1017,40.76326926684111,-73.9721183360882,19974,Bank,2012-05-08 21:24:37+00:00,New York City,Business and Professional Services,Financial Service,,,,
313,1017,40.85035207961527,-73.82837751825335,21416,Neighborhood,2012-05-08 22:16:49+00:00,New York City,Landmarks and Outdoors,States and Municipalities,,,,
314,1017,40.85251828982853,-73.82728621222843,15073,Coffee Shop,2012-05-08 22:18:44+00:00,New York City,Dining and Drinking,"Cafe, Coffee, and Tea House",,,,
315,1017,40.852283243360674,-73.82749873018948,21424,Drugstore / Pharmacy,2012-05-08 22:19:08+00:00,New York City,Retail,Pharmacy,,,,
316,1017,40.8519621874379,-73.82696628570557,13563,Park,2012-05-08 22:19:21+00:00,New York City,Landmarks and Outdoors,Park,,,,
317,1017,40.87097828520945,-73.82876808947316,28369,Neighborhood,2012-05-15 03:48:29+00:00,New York City,Landmarks and Outdoors,States and Municipalities,,,,
318,1017,40.86782694231008,-73.82703923160857,9278,Mall,2012-05-15 03:48:50+00:00,New York City,Retail,Shopping Mall,,,,
319,1017,40.866503235282565,-73.8257646560669,21344,Fast Food Restaurant,2012-05-15 03:49:21+00:00,New York City,Dining and Drinking,Restaurant,,,,
320,1017,40.86782694231008,-73.82703923160857,9278,Mall,2012-05-15 03:49:29+00:00,New York City,Retail,Shopping Mall,,,,
321,1017,40.86674826031884,-73.82558031654254,26538,Movie Theater,2012-05-15 03:49:42+00:00,New York City,Arts and Entertainment,Movie Theater,,,,
322,1017,40.86703055282099,-73.82539651545649,8424,Movie Theater,2012-05-15 03:49:50+00:00,New York City,Arts and Entertainment,Movie Theater,,,,
323,1017,40.86782694231008,-73.82703923160857,9278,Mall,2012-05-15 03:49:58+00:00,New York City,Retail,Shopping Mall,,,,
324,1017,40.86593917589151,-73.82634998173656,20766,Bagel Shop,2012-05-15 04:25:26+00:00,New York City,Dining and Drinking,Bagel Shop,,,,
325,1017,40.86593917589151,-73.82634998173656,20766,Bagel Shop,2012-05-15 04:25:40+00:00,New York City,Dining and Drinking,Bagel Shop,,,,
326,1017,40.86782694231008,-73.82703923160857,9278,Mall,2012-05-15 04:25:50+00:00,New York City,Retail,Shopping Mall,,,,
327,1017,40.868125922072615,-73.8257646560669,16656,Food & Drink Shop,2012-05-15 04:26:00+00:00,New York City,Retail,Food and Beverage Retail,,,,
328,1017,40.86782694231008,-73.82703923160857,9278,Mall,2012-05-15 06:31:07+00:00,New York City,Retail,Shopping Mall,,,,
329,1017,40.868482907830256,-73.83256673812866,25952,Other Great Outdoors,2012-05-15 06:31:32+00:00,New York City,Landmarks and Outdoors,Other Great Outdoors,,,,
330,1017,40.8519621874379,-73.82696628570557,13563,Park,2012-05-15 06:32:01+00:00,New York City,Landmarks and Outdoors,Park,,,,
331,1017,40.69522131019791,-73.92566321105014,30998,Office,2012-10-23 07:40:05+00:00,New York City,Business and Professional Services,Office,,,,
332,1017,40.8519621874379,-73.82696628570557,13563,Park,2012-04-18 20:20:09+00:00,New York City,Landmarks and Outdoors,Park,,,,
333,1017,40.87097828520945,-73.82876808947316,28369,Neighborhood,2012-04-18 20:21:14+00:00,New York City,Landmarks and Outdoors,States and Municipalities,,,,
334,1017,40.87097828520945,-73.82876808947316,28369,Neighborhood,2012-04-18 20:21:26+00:00,New York City,Landmarks and Outdoors,States and Municipalities,,,,
335,1017,40.868482907830256,-73.83256673812866,25952,Other Great Outdoors,2012-04-18 20:21:37+00:00,New York City,Landmarks and Outdoors,Other Great Outdoors,,,,
336,1017,40.86499,-73.829949,12860,Department Store,2012-04-18 20:22:17+00:00,New York City,Retail,Department Store,,,,
337,1017,40.866835537390784,-73.82521845799161,8424,Movie Theater,2012-04-18 20:23:00+00:00,New York City,Arts and Entertainment,Movie Theater,,,,
338,1017,40.86782694231008,-73.82703923160857,9278,Mall,2012-04-18 20:23:30+00:00,New York City,Retail,Shopping Mall,,,,
339,1017,40.866503235282565,-73.8257646560669,21344,Fast Food Restaurant,2012-04-18 20:23:47+00:00,New York City,Dining and Drinking,Restaurant,,,,
340,1017,40.86782694231008,-73.82703923160857,9278,Mall,2012-04-18 20:23:58+00:00,New York City,Retail,Shopping Mall,,,,
341,1017,40.86782694231008,-73.82703923160857,9278,Mall,2012-04-18 20:24:24+00:00,New York City,Retail,Shopping Mall,,,,
342,1017,40.866503235282565,-73.8257646560669,21344,Fast Food Restaurant,2012-04-18 20:24:37+00:00,New York City,Dining and Drinking,Restaurant,,,,
343,1017,40.86782694231008,-73.82703923160857,9278,Mall,2012-04-18 20:24:48+00:00,New York City,Retail,Shopping Mall,,,,
344,1017,40.866835537390784,-73.82521845799161,8424,Movie Theater,2012-04-18 20:25:13+00:00,New York City,Arts and Entertainment,Movie Theater,,,,
345,1017,40.86782694231008,-73.82703923160857,9278,Mall,2012-04-18 20:25:26+00:00,New York City,Retail,Shopping Mall,,,,
346,1017,40.86708740710768,-73.82829666137695,24443,Other Great Outdoors,2012-04-18 20:26:04+00:00,New York City,Landmarks and Outdoors,Other Great Outdoors,,,,
347,1017,40.868482907830256,-73.83256673812866,25952,Other Great Outdoors,2012-04-18 20:26:57+00:00,New York City,Landmarks and Outdoors,Other Great Outdoors,,,,
348,1017,40.8519621874379,-73.82696628570557,13563,Park,2012-06-13 02:00:44+00:00,New York City,Landmarks and Outdoors,Park,,,,
349,1017,40.86674826031884,-73.82558031654254,26538,Movie Theater,2012-06-13 02:01:18+00:00,New York City,Arts and Entertainment,Movie Theater,,,,
350,1017,40.75248097148231,-73.99438619301681,1938,Movie Theater,2012-05-16 18:37:20+00:00,New York City,Arts and Entertainment,Movie Theater,,,,
351,1017,40.75248097148231,-73.99438619301681,1938,Movie Theater,2012-05-16 18:37:48+00:00,New York City,Arts and Entertainment,Movie Theater,,,,
352,1017,40.74929603522433,-73.98800453505906,10400,Clothing Store,2012-05-16 18:39:19+00:00,New York City,Retail,Fashion Retail,,,,
353,1017,40.74901261480117,-73.98837089538574,25386,Clothing Store,2012-05-16 18:39:40+00:00,New York City,Retail,Fashion Retail,,,,
354,1017,40.75290285116247,-73.98949092939145,16927,Sporting Goods Shop,2012-05-16 18:40:08+00:00,New York City,Retail,Sporting Goods Retail,,,,
355,1017,40.74889538252527,-73.98856695588998,3444,Mall,2012-05-16 18:40:43+00:00,New York City,Retail,Shopping Mall,,,,
356,1017,40.76763524914683,-73.98299432576718,20385,Hotel,2012-05-16 21:49:51+00:00,New York City,Travel and Transportation,Lodging,,,,
357,1017,40.76792357432163,-73.98194432258606,1542,Mall,2012-05-16 21:50:45+00:00,New York City,Retail,Shopping Mall,,,,
358,1017,40.76806170936614,-73.98184776306152,1792,Food & Drink Shop,2012-05-16 21:51:50+00:00,New York City,Retail,Food and Beverage Retail,,,,
359,1017,40.76848627915621,-73.98196127667283,31116,Beer Garden,2012-05-16 22:01:53+00:00,New York City,Dining and Drinking,Bar,,,,
360,1017,40.76806170936614,-73.98184776306152,1792,Food & Drink Shop,2012-05-16 22:02:37+00:00,New York City,Retail,Food and Beverage Retail,,,,
361,1017,40.76848627915621,-73.98196127667283,31116,Beer Garden,2012-05-16 22:02:49+00:00,New York City,Dining and Drinking,Bar,,,,
362,1017,40.76806170936614,-73.98184776306152,1792,Food & Drink Shop,2012-05-16 22:03:00+00:00,New York City,Retail,Food and Beverage Retail,,,,
363,1017,40.753005134448905,-73.99641771942332,7104,Camera Store,2012-12-10 18:00:09+00:00,,Retail,Computers and Electronics Retail,41.0,5.0,nyc,Rec
364,1017,40.75059023370984,-73.99135034084028,14073,Pizza Place,2012-12-10 18:00:09+00:00,,Dining and Drinking,Restaurant,41.0,5.0,nyc,Rec
365,1017,40.74959782183326,-73.98605346679688,24306,City,2012-12-10 18:00:09+00:00,,Landmarks and Outdoors,States and Municipalities,41.0,5.0,nyc,Rec
366,1017,40.86703055282099,-73.82539651545649,8424,Movie Theater,2012-12-18 18:00:09+00:00,,Arts and Entertainment,Movie Theater,49.0,7.0,nyc,Return
367,1017,40.87097828520945,-73.82876808947316,28369,Neighborhood,2012-12-18 18:00:09+00:00,,Landmarks and Outdoors,States and Municipalities,49.0,7.0,nyc,Rec
368,1017,40.86711948571236,-73.8266773757251,20423,Electronics Store,2012-12-23 18:00:09+00:00,,Retail,Computers and Electronics Retail,54.0,7.0,nyc,Rec
369,1017,40.76468138111393,-73.97313594818115,4581,Plaza,2012-12-23 18:00:09+00:00,,Landmarks and Outdoors,Plaza,54.0,7.0,nyc,Rec
370,1017,40.75875624280933,-73.97866122153226,2357,Plaza,2012-12-23 18:00:09+00:00,,Landmarks and Outdoors,Plaza,54.0,7.0,nyc,Rec
371,1017,40.72988184075125,-73.99101957678795,3827,Plaza,2012-12-23 18:00:09+00:00,,Landmarks and Outdoors,Plaza,54.0,7.0,nyc,Rec
372,1017,40.727486422997785,-73.98632168769836,11050,Neighborhood,2012-12-23 18:00:09+00:00,,Landmarks and Outdoors,States and Municipalities,54.0,7.0,nyc,Rec
373,1017,40.69522131019791,-73.92566321105014,30998,Office,2012-12-28 18:00:09+00:00,,Business and Professional Services,Office,59.0,8.0,nyc,Return
374,1017,40.70712443235431,-74.01072978973389,14899,Neighborhood,2012-12-28 18:00:09+00:00,,Landmarks and Outdoors,States and Municipalities,59.0,8.0,nyc,Rec
375,1017,40.710441,-74.0082,18793,Medical Center,2012-12-28 18:00:09+00:00,,Health and Medicine,Medical Center,59.0,8.0,nyc,Explore
376,1017,40.75845677498381,-73.98914046612941,18884,Burger Joint,2012-12-28 18:00:09+00:00,,Dining and Drinking,Restaurant,59.0,8.0,nyc,Rec
377,1017,40.75930175423635,-73.9849591255188,1358,Italian Restaurant,2012-12-28 18:00:09+00:00,,Dining and Drinking,Restaurant,59.0,8.0,nyc,Rec
378,1017,40.740019218226266,-73.99469608826703,5012,Furniture / Home Store,2012-12-28 18:00:09+00:00,,Retail,Furniture and Home Store,59.0,8.0,nyc,Rec
379,1017,40.73421852235133,-73.9894220619547,16035,Video Game Store,2012-12-28 18:00:09+00:00,,Retail,Computers and Electronics Retail,59.0,8.0,nyc,Rec
380,1017,40.83991796598711,-73.87893676757812,31441,Neighborhood,2012-12-28 18:00:09+00:00,,Landmarks and Outdoors,States and Municipalities,59.0,8.0,nyc,Rec
381,1017,40.69522131019791,-73.92566321105014,30998,Office,2012-12-28 18:00:09+00:00,,Business and Professional Services,Office,59.0,8.0,nyc,Return
382,1017,40.70965032878699,-73.99598731308397,28138,Park,2013-01-15 18:00:09+00:00,,Landmarks and Outdoors,Park,77.0,11.0,nyc,Explore
383,1017,40.73416736029532,-73.99048715829849,1514,Movie Theater,2013-01-26 18:00:09+00:00,,Arts and Entertainment,Movie Theater,88.0,12.0,nyc,Rec
384,1017,40.75234609858383,-73.99408777489505,1938,Movie Theater,2013-01-26 18:00:09+00:00,,Arts and Entertainment,Movie Theater,88.0,12.0,nyc,Rec
385,1017,40.87097828520945,-73.82876808947316,28369,Neighborhood,2013-01-30 18:00:09+00:00,,Landmarks and Outdoors,States and Municipalities,92.0,13.0,nyc,Return
386,1017,40.866503235282565,-73.8257646560669,21344,Fast Food Restaurant,2013-01-30 18:00:09+00:00,,Dining and Drinking,Restaurant,92.0,13.0,nyc,Return
