,uid,lat,lng,venueID,venue_descr,time,city_name,First_Category,Second_Category,step,epoch,city,simulation_state
0,422,40.73166539024325,-74.19816255569458,16847,Hardware Store,2012-06-01 15:05:13+00:00,New York City,Retail,Hardware Store,,,,
1,422,40.73154769806844,-74.21958622911534,22481,College Academic Building,2012-06-01 17:59:10+00:00,New York City,Community and Government,Education,,,,
2,422,40.8030641885369,-74.23854073542145,14276,Park,2012-06-01 18:16:04+00:00,New York City,Landmarks and Outdoors,Park,,,,
3,422,40.72617121150652,-74.2304994949322,20593,Miscellaneous Shop,2012-05-18 22:35:46+00:00,New York City,Retail,Miscellaneous Store,,,,
4,422,40.73004244582688,-74.2205606541853,23429,Building,2012-10-26 07:52:04+00:00,New York City,Landmarks and Outdoors,Structure,,,,
5,422,40.73004244582688,-74.2205606541853,23429,Building,2012-10-26 13:01:14+00:00,New York City,Landmarks and Outdoors,Structure,,,,
6,422,40.73702007744505,-74.21880668534371,14846,Deli / Bodega,2012-10-26 14:06:43+00:00,New York City,Dining and Drinking,Restaurant,,,,
7,422,40.727730293480114,-74.22423476346201,20844,Bank,2012-10-26 14:07:06+00:00,New York City,Business and Professional Services,Financial Service,,,,
8,422,40.79912705371394,-74.24870211224584,29358,City,2012-10-26 14:27:01+00:00,New York City,Landmarks and Outdoors,States and Municipalities,,,,
9,422,40.8041295012635,-74.2486310005188,6064,Food & Drink Shop,2012-10-26 14:27:01+00:00,New York City,Retail,Food and Beverage Retail,,,,
10,422,40.75912296762007,-74.20852661132812,13137,General Travel,2012-10-26 17:28:51+00:00,New York City,Travel and Transportation,General Travel,,,,
11,422,40.7253265,-74.22522488,24456,Pizza Place,2012-06-04 21:34:09+00:00,New York City,Dining and Drinking,Restaurant,,,,
12,422,40.75912296762007,-74.20852661132812,13137,General Travel,2012-06-04 21:42:51+00:00,New York City,Travel and Transportation,General Travel,,,,
13,422,40.8041295012635,-74.2486310005188,6064,Food & Drink Shop,2012-06-04 22:51:16+00:00,New York City,Retail,Food and Beverage Retail,,,,
14,422,40.76633906356843,-74.21865463256836,15069,Food & Drink Shop,2012-06-04 23:15:30+00:00,New York City,Retail,Food and Beverage Retail,,,,
15,422,40.74598896309129,-74.26019668579102,18666,Ice Cream Shop,2012-05-14 19:47:43+00:00,New York City,Dining and Drinking,Dessert Shop,,,,
16,422,40.74614136818123,-74.25960659980774,9546,Bank,2012-05-14 19:54:36+00:00,New York City,Business and Professional Services,Financial Service,,,,
17,422,40.76975190630029,-74.2182564171637,29445,Food & Drink Shop,2012-05-14 20:55:45+00:00,New York City,Retail,Food and Beverage Retail,,,,
18,422,40.74231474726422,-74.21509234320449,15338,Park,2012-05-21 23:04:16+00:00,New York City,Landmarks and Outdoors,Park,,,,
19,422,40.74231474726422,-74.21509234320449,15338,Park,2012-05-28 07:28:08+00:00,New York City,Landmarks and Outdoors,Park,,,,
20,422,40.72351391597205,-74.22441244863307,33416,Neighborhood,2012-05-28 07:28:22+00:00,New York City,Landmarks and Outdoors,States and Municipalities,,,,
21,422,40.73004244582688,-74.2205606541853,23429,Building,2012-05-28 07:29:00+00:00,New York City,Landmarks and Outdoors,Structure,,,,
22,422,40.728492295118606,-74.21800421036467,21400,Fast Food Restaurant,2012-05-28 07:30:46+00:00,New York City,Dining and Drinking,Restaurant,,,,
23,422,40.75912296762007,-74.20852661132812,13137,General Travel,2012-05-28 17:33:00+00:00,New York City,Travel and Transportation,General Travel,,,,
24,422,40.76537417775357,-74.23273480027667,16902,Drugstore / Pharmacy,2012-05-28 17:40:43+00:00,New York City,Retail,Pharmacy,,,,
25,422,40.73004244582688,-74.2205606541853,23429,Building,2012-05-28 21:30:27+00:00,New York City,Landmarks and Outdoors,Structure,,,,
26,422,40.72351391597205,-74.22441244863307,33416,Neighborhood,2012-05-28 21:30:36+00:00,New York City,Landmarks and Outdoors,States and Municipalities,,,,
27,422,40.72821462,-74.2203676,26167,Food,2012-05-28 21:31:22+00:00,New York City,Dining and Drinking,Restaurant,,,,
28,422,40.728492295118606,-74.21800421036467,21400,Fast Food Restaurant,2012-05-28 21:31:42+00:00,New York City,Dining and Drinking,Restaurant,,,,
29,422,40.74231474726422,-74.21509234320449,15338,Park,2012-05-28 23:25:32+00:00,New York City,Landmarks and Outdoors,Park,,,,
30,422,40.76390650398143,-74.23509617020207,16146,Church,2012-04-28 16:27:52+00:00,New York City,Community and Government,Spiritual Center,,,,
31,422,40.763937578913136,-74.23551456510239,16146,Church,2012-06-09 15:20:10+00:00,New York City,Community and Government,Spiritual Center,,,,
32,422,40.763937578913136,-74.23551456510239,16146,Church,2012-05-12 14:56:50+00:00,New York City,Community and Government,Spiritual Center,,,,
33,422,40.763937578913136,-74.23551456510239,16146,Church,2012-05-19 00:12:49+00:00,New York City,Community and Government,Spiritual Center,,,,
34,422,40.717116,-74.22640165,22201,Gas Station / Garage,2012-05-19 15:24:57+00:00,New York City,Travel and Transportation,Fuel Station,,,,
35,422,40.71382,-74.22970853421538,22262,Coffee Shop,2012-05-19 15:26:08+00:00,New York City,Dining and Drinking,"Cafe, Coffee, and Tea House",,,,
36,422,40.7174162220331,-74.2417387929583,31333,Medical Center,2012-05-19 15:31:18+00:00,New York City,Health and Medicine,Hospital,,,,
37,422,40.71262112756544,-74.25031825219112,17769,Building,2012-05-19 15:35:33+00:00,New York City,Landmarks and Outdoors,Structure,,,,
38,422,40.72227895259857,-74.24680709838867,19862,Church,2012-05-19 16:57:17+00:00,New York City,Community and Government,Spiritual Center,,,,
39,422,40.73534476331098,-74.26709775463905,12206,High School,2012-05-19 22:14:07+00:00,New York City,Community and Government,Education,,,,
40,422,40.7641943832654,-74.23552602796295,33155,General Travel,2012-10-27 14:46:01+00:00,New York City,Travel and Transportation,General Travel,,,,
41,422,40.763937578913136,-74.23551456510239,16146,Church,2012-10-27 14:46:55+00:00,New York City,Community and Government,Spiritual Center,,,,
42,422,40.75950001265143,-74.22192484061196,24682,Sandwich Place,2012-10-27 18:24:16+00:00,New York City,Dining and Drinking,Restaurant,,,,
43,422,40.753793031110206,-74.21435863712875,17499,Fast Food Restaurant,2012-10-27 18:28:05+00:00,New York City,Dining and Drinking,Restaurant,,,,
44,422,40.743037008503485,-74.24579646305217,2921,University,2012-04-29 01:59:31+00:00,New York City,Community and Government,Education,,,,
45,422,40.74303396812272,-74.247659,18593,College Academic Building,2012-04-29 02:52:13+00:00,New York City,Community and Government,Education,,,,
46,422,40.74354502215233,-74.2467077071115,11822,Student Center,2012-04-29 02:52:31+00:00,New York City,Community and Government,Education,,,,
47,422,40.77646154144644,-74.23891327187627,14764,Caribbean Restaurant,2012-04-29 15:48:33+00:00,New York City,Dining and Drinking,Restaurant,,,,
48,422,40.72821462,-74.2203676,26167,Food,2012-06-03 02:34:32+00:00,New York City,Dining and Drinking,Restaurant,,,,
49,422,40.73004244582688,-74.2205606541853,23429,Building,2012-06-03 22:38:52+00:00,New York City,Landmarks and Outdoors,Structure,,,,
50,422,40.753793031110206,-74.21435863712875,17499,Fast Food Restaurant,2012-06-03 22:45:48+00:00,New York City,Dining and Drinking,Restaurant,,,,
51,422,40.763937578913136,-74.23551456510239,16146,Church,2012-06-17 01:15:26+00:00,New York City,Community and Government,Spiritual Center,,,,
52,422,40.72646441075123,-74.23058546871789,20593,Miscellaneous Shop,2012-06-17 01:30:59+00:00,New York City,Retail,Miscellaneous Store,,,,
53,422,40.72851582243573,-74.23447717325722,22405,College Academic Building,2012-06-17 01:31:13+00:00,New York City,Community and Government,Education,,,,
54,422,40.729221795497565,-74.23443132154861,22293,High School,2012-06-17 01:31:24+00:00,New York City,Community and Government,Education,,,,
55,422,40.75912296762007,-74.20852661132812,13137,General Travel,2012-06-17 01:53:47+00:00,New York City,Travel and Transportation,General Travel,,,,
56,422,40.72351391597205,-74.22441244863307,33416,Neighborhood,2012-05-27 03:24:03+00:00,New York City,Landmarks and Outdoors,States and Municipalities,,,,
57,422,40.73004244582688,-74.2205606541853,23429,Building,2012-05-27 03:24:17+00:00,New York City,Landmarks and Outdoors,Structure,,,,
58,422,40.72351391597205,-74.22441244863307,33416,Neighborhood,2012-05-27 23:39:41+00:00,New York City,Landmarks and Outdoors,States and Municipalities,,,,
59,422,40.753793031110206,-74.21435863712875,17499,Fast Food Restaurant,2012-05-27 23:46:58+00:00,New York City,Dining and Drinking,Restaurant,,,,
60,422,40.76537417775357,-74.23273480027667,16902,Drugstore / Pharmacy,2012-09-09 17:20:00+00:00,New York City,Retail,Pharmacy,,,,
61,422,40.77337313273061,-74.23372635008657,26735,Bank,2012-09-09 17:45:08+00:00,New York City,Business and Professional Services,Financial Service,,,,
62,422,40.73308000062968,-74.1708254814148,3114,Stadium,2012-09-09 21:45:39+00:00,New York City,Arts and Entertainment,Stadium,,,,
63,422,40.74231474726422,-74.21509234320449,15338,Park,2012-06-07 07:37:26+00:00,New York City,Landmarks and Outdoors,Park,,,,
64,422,40.738182294830615,-74.21385994461183,32621,Gas Station / Garage,2012-06-07 07:39:26+00:00,New York City,Travel and Transportation,Fuel Station,,,,
65,422,40.73154769806844,-74.21958622911534,22481,College Academic Building,2012-06-07 07:41:40+00:00,New York City,Community and Government,Education,,,,
66,422,40.73004244582688,-74.2205606541853,23429,Building,2012-06-07 07:41:54+00:00,New York City,Landmarks and Outdoors,Structure,,,,
67,422,40.72821462,-74.2203676,26167,Food,2012-06-07 07:42:21+00:00,New York City,Dining and Drinking,Restaurant,,,,
68,422,40.728492295118606,-74.21800421036467,21400,Fast Food Restaurant,2012-06-07 07:43:21+00:00,New York City,Dining and Drinking,Restaurant,,,,
69,422,40.755875528550376,-74.21719599988498,14671,Fast Food Restaurant,2012-06-07 22:19:06+00:00,New York City,Dining and Drinking,Restaurant,,,,
70,422,40.75950001265143,-74.22192484061196,24682,Sandwich Place,2012-05-17 19:26:12+00:00,New York City,Dining and Drinking,Restaurant,,,,
71,422,40.80322395999059,-74.23805357122316,14276,Park,2012-05-17 19:39:50+00:00,New York City,Landmarks and Outdoors,Park,,,,
72,422,40.8041295012635,-74.2486310005188,6064,Food & Drink Shop,2012-05-17 21:04:14+00:00,New York City,Retail,Food and Beverage Retail,,,,
73,422,40.72617121150652,-74.2304994949322,20593,Miscellaneous Shop,2012-05-24 07:01:38+00:00,New York City,Retail,Miscellaneous Store,,,,
74,422,40.76174451305915,-74.2251289193546,29047,American Restaurant,2012-10-18 20:32:32+00:00,New York City,Dining and Drinking,Restaurant,,,,
75,422,40.77392845732132,-74.23131911005173,21184,School,2012-10-25 20:06:57+00:00,New York City,Community and Government,Education,,,,
76,422,40.753793031110206,-74.21435863712875,17499,Fast Food Restaurant,2012-10-25 23:04:47+00:00,New York City,Dining and Drinking,Restaurant,,,,
77,422,40.75358312924974,-74.21445035054809,17499,Fast Food Restaurant,2012-04-10 23:26:30+00:00,New York City,Dining and Drinking,Restaurant,,,,
78,422,40.74231474726422,-74.21509234320449,15338,Park,2012-06-05 06:44:51+00:00,New York City,Landmarks and Outdoors,Park,,,,
79,422,40.73004244582688,-74.2205606541853,23429,Building,2012-06-05 06:47:26+00:00,New York City,Landmarks and Outdoors,Structure,,,,
80,422,40.72351391597205,-74.22441244863307,33416,Neighborhood,2012-06-05 06:47:45+00:00,New York City,Landmarks and Outdoors,States and Municipalities,,,,
81,422,40.74231474726422,-74.21509234320449,15338,Park,2012-06-12 06:45:21+00:00,New York City,Landmarks and Outdoors,Park,,,,
82,422,40.7450671882921,-74.21509234320449,26952,Park,2012-06-12 06:45:38+00:00,New York City,Landmarks and Outdoors,Park,,,,
83,422,40.73004244582688,-74.2205606541853,23429,Building,2012-06-12 06:48:26+00:00,New York City,Landmarks and Outdoors,Structure,,,,
84,422,40.72351391597205,-74.22441244863307,33416,Neighborhood,2012-06-12 06:48:35+00:00,New York City,Landmarks and Outdoors,States and Municipalities,,,,
85,422,40.73004244582688,-74.2205606541853,23429,Building,2012-06-12 23:30:16+00:00,New York City,Landmarks and Outdoors,Structure,,,,
86,422,40.72351391597205,-74.22441244863307,33416,Neighborhood,2012-06-12 23:30:37+00:00,New York City,Landmarks and Outdoors,States and Municipalities,,,,
87,422,40.7450671882921,-74.21509234320449,26952,Park,2012-06-12 23:34:30+00:00,New York City,Landmarks and Outdoors,Park,,,,
88,422,40.753793031110206,-74.21435863712875,17499,Fast Food Restaurant,2012-06-12 23:36:22+00:00,New York City,Dining and Drinking,Restaurant,,,,
89,422,40.74231474726422,-74.21509234320449,15338,Park,2012-05-29 07:02:03+00:00,New York City,Landmarks and Outdoors,Park,,,,
90,422,40.72351391597205,-74.22441244863307,33416,Neighborhood,2012-05-29 07:04:50+00:00,New York City,Landmarks and Outdoors,States and Municipalities,,,,
91,422,40.73004244582688,-74.2205606541853,23429,Building,2012-05-29 07:05:05+00:00,New York City,Landmarks and Outdoors,Structure,,,,
92,422,40.72821462,-74.2203676,26167,Food,2012-05-29 07:05:28+00:00,New York City,Dining and Drinking,Restaurant,,,,
93,422,40.728492295118606,-74.21800421036467,21400,Fast Food Restaurant,2012-05-29 07:06:01+00:00,New York City,Dining and Drinking,Restaurant,,,,
94,422,40.728492295118606,-74.21800421036467,21400,Fast Food Restaurant,2012-05-29 23:21:36+00:00,New York City,Dining and Drinking,Restaurant,,,,
95,422,40.73004244582688,-74.2205606541853,23429,Building,2012-05-29 23:21:56+00:00,New York City,Landmarks and Outdoors,Structure,,,,
96,422,40.74231474726422,-74.21509234320449,15338,Park,2012-05-29 23:25:55+00:00,New York City,Landmarks and Outdoors,Park,,,,
97,422,40.753793031110206,-74.21435863712875,17499,Fast Food Restaurant,2012-05-29 23:27:20+00:00,New York City,Dining and Drinking,Restaurant,,,,
98,422,40.753793031110206,-74.21435863712875,17499,Fast Food Restaurant,2012-05-29 23:31:25+00:00,New York City,Dining and Drinking,Restaurant,,,,
99,422,40.753793031110206,-74.21435863712875,17499,Fast Food Restaurant,2012-10-23 06:05:38+00:00,New York City,Dining and Drinking,Restaurant,,,,
100,422,40.77392845732132,-74.23131911005173,21184,School,2012-10-23 20:07:48+00:00,New York City,Community and Government,Education,,,,
101,422,40.753793031110206,-74.21435863712875,17499,Fast Food Restaurant,2012-10-23 20:53:44+00:00,New York City,Dining and Drinking,Restaurant,,,,
102,422,40.72647537262251,-74.23032754724008,20593,Miscellaneous Shop,2012-10-30 17:46:56+00:00,New York City,Retail,Miscellaneous Store,,,,
103,422,40.73873719958947,-74.2325743177229,35566,Neighborhood,2012-10-30 17:53:56+00:00,New York City,Landmarks and Outdoors,States and Municipalities,,,,
104,422,40.74078665993677,-74.19118881225586,21640,Medical Center,2012-07-11 17:25:47+00:00,New York City,Health and Medicine,Hospital,,,,
105,422,40.753288906167775,-73.99280801499084,7048,Clothing Store,2012-07-11 19:43:42+00:00,New York City,Retail,Fashion Retail,,,,
106,422,40.74231474726422,-74.21509234320449,15338,Park,2012-06-06 23:37:05+00:00,New York City,Landmarks and Outdoors,Park,,,,
107,422,40.74899616516048,-74.21214030488811,30579,Cemetery,2012-06-06 23:37:29+00:00,New York City,Community and Government,Cemetery,,,,
108,422,40.75912296762007,-74.20852661132812,13137,General Travel,2012-06-27 12:30:00+00:00,New York City,Travel and Transportation,General Travel,,,,
109,422,40.77478049822597,-74.24742409076657,16140,High School,2012-06-27 12:36:57+00:00,New York City,Community and Government,Education,,,,
110,422,40.79891186992436,-74.25056468362372,29358,City,2012-06-27 12:42:36+00:00,New York City,Landmarks and Outdoors,States and Municipalities,,,,
111,422,40.75912296762007,-74.20852661132812,13137,General Travel,2012-06-27 12:55:48+00:00,New York City,Travel and Transportation,General Travel,,,,
112,422,40.73004244582688,-74.2205606541853,23429,Building,2012-06-27 12:58:11+00:00,New York City,Landmarks and Outdoors,Structure,,,,
113,422,40.72647537262251,-74.23032754724008,20593,Miscellaneous Shop,2012-06-27 12:58:35+00:00,New York City,Retail,Miscellaneous Store,,,,
114,422,40.753793031110206,-74.21435863712875,17499,Fast Food Restaurant,2012-05-23 23:32:59+00:00,New York City,Dining and Drinking,Restaurant,,,,
115,422,40.74231474726422,-74.21509234320449,15338,Park,2012-05-30 07:56:26+00:00,New York City,Landmarks and Outdoors,Park,,,,
116,422,40.73004244582688,-74.2205606541853,23429,Building,2012-05-30 07:58:37+00:00,New York City,Landmarks and Outdoors,Structure,,,,
117,422,40.72351391597205,-74.22441244863307,33416,Neighborhood,2012-05-30 07:58:59+00:00,New York City,Landmarks and Outdoors,States and Municipalities,,,,
118,422,40.72821462,-74.2203676,26167,Food,2012-05-30 07:59:33+00:00,New York City,Dining and Drinking,Restaurant,,,,
119,422,40.728492295118606,-74.21800421036467,21400,Fast Food Restaurant,2012-05-30 08:00:41+00:00,New York City,Dining and Drinking,Restaurant,,,,
120,422,40.7174162220331,-74.2417387929583,31333,Medical Center,2012-11-01 18:00:09+00:00,,Health and Medicine,Hospital,2.0,0.0,nyc,Return
121,422,40.74641521465466,-74.22919268843441,27103,Bank,2012-11-01 18:00:09+00:00,,Business and Professional Services,Financial Service,2.0,0.0,nyc,Rec
122,422,40.72617121150652,-74.2304994949322,20593,Miscellaneous Shop,2012-11-01 18:00:09+00:00,,Retail,Miscellaneous Store,2.0,0.0,nyc,Rec
123,422,40.753793031110206,-74.21435863712875,17499,Fast Food Restaurant,2012-11-02 18:00:09+00:00,,Dining and Drinking,Restaurant,3.0,0.0,nyc,Return
124,422,40.72413655548345,-74.08368587493896,13356,Park,2012-11-06 18:00:09+00:00,,Landmarks and Outdoors,Park,7.0,1.0,nyc,Explore
125,422,40.78626052122175,-73.95373821258545,25073,Playground,2012-11-06 18:00:09+00:00,,Landmarks and Outdoors,Park,7.0,1.0,nyc,Explore
126,422,40.78750959293082,-73.95473269500745,35432,Neighborhood,2012-11-06 18:00:09+00:00,,Landmarks and Outdoors,States and Municipalities,7.0,1.0,nyc,Rec
127,422,40.88244673773804,-74.05593644157884,28617,School,2012-11-06 18:00:09+00:00,,Community and Government,Education,7.0,1.0,nyc,Rec
128,422,40.86758832173467,-74.0420008710735,15767,Drugstore / Pharmacy,2012-11-06 18:00:09+00:00,,Retail,Pharmacy,7.0,1.0,nyc,Rec
129,422,40.89748967940884,-74.03334617614746,21316,College Academic Building,2012-11-06 18:00:09+00:00,,Community and Government,Education,7.0,1.0,nyc,Rec
130,422,40.890907,-74.050303,36523,Park,2012-11-06 18:00:09+00:00,,Landmarks and Outdoors,Park,7.0,1.0,nyc,Rec
131,422,40.88820079425899,-74.05578154378615,30148,Italian Restaurant,2012-11-06 18:00:09+00:00,,Dining and Drinking,Restaurant,7.0,1.0,nyc,Rec
132,422,40.83537240790504,-74.13870334625244,22288,Cemetery,2012-11-07 18:00:09+00:00,,Community and Government,Cemetery,8.0,1.0,nyc,Rec
133,422,40.74231474726422,-74.21509234320449,15338,Park,2012-11-07 18:00:09+00:00,,Landmarks and Outdoors,Park,8.0,1.0,nyc,Return
134,422,40.7450671882921,-74.21509234320449,26952,Park,2012-11-07 18:00:09+00:00,,Landmarks and Outdoors,Park,8.0,1.0,nyc,Rec
135,422,40.73004244582688,-74.2205606541853,23429,Building,2012-11-07 18:00:09+00:00,,Landmarks and Outdoors,Structure,8.0,1.0,nyc,Return
136,422,40.74614136818123,-74.25960659980774,9546,Bank,2012-11-27 18:00:09+00:00,,Business and Professional Services,Financial Service,28.0,4.0,nyc,Return
137,422,40.78626052122175,-73.95373821258545,25073,Playground,2012-11-27 18:00:09+00:00,,Landmarks and Outdoors,Park,28.0,4.0,nyc,Return
138,422,40.707993670202136,-74.01231338250604,19934,Cemetery,2012-11-27 18:00:09+00:00,,Community and Government,Cemetery,28.0,4.0,nyc,Explore
139,422,40.729265,-73.996045,22664,College Academic Building,2012-11-28 18:00:09+00:00,,Community and Government,Education,29.0,4.0,nyc,Explore
140,422,40.74379022679562,-73.98389160633087,12503,Deli / Bodega,2012-11-28 18:00:09+00:00,,Dining and Drinking,Restaurant,29.0,4.0,nyc,Rec
141,422,40.72617121150652,-74.2304994949322,20593,Miscellaneous Shop,2012-12-01 18:00:09+00:00,,Retail,Miscellaneous Store,32.0,4.0,nyc,Return
142,422,40.72821462,-74.2203676,26167,Food,2012-12-01 18:00:09+00:00,,Dining and Drinking,Restaurant,32.0,4.0,nyc,Rec
143,422,40.74724254,-74.15266696,22925,Park,2012-12-01 18:00:09+00:00,,Landmarks and Outdoors,Park,32.0,4.0,nyc,Rec
144,422,40.78143609348328,-74.05677403485737,14980,Post Office,2012-12-01 18:00:09+00:00,,Community and Government,Government Building,32.0,4.0,nyc,Rec
145,422,40.75696158119556,-73.9898237883206,34011,General Travel,2012-12-01 18:00:09+00:00,,Travel and Transportation,General Travel,32.0,4.0,nyc,Rec
146,422,40.78534773308225,-73.97571695061713,29747,Church,2012-12-01 18:00:09+00:00,,Community and Government,Spiritual Center,32.0,4.0,nyc,Rec
147,422,40.86758832173467,-74.0420008710735,15767,Drugstore / Pharmacy,2012-12-01 18:00:09+00:00,,Retail,Pharmacy,32.0,4.0,nyc,Return
148,422,40.73906330729812,-73.98695468902588,14409,Church,2012-12-01 18:00:09+00:00,,Community and Government,Spiritual Center,32.0,4.0,nyc,Rec
149,422,40.72635359169906,-74.00195552806805,700,Thai Restaurant,2012-12-03 18:00:09+00:00,,Dining and Drinking,Restaurant,34.0,4.0,nyc,Explore
150,422,40.72678506374359,-74.00346747445712,5959,Park,2012-12-03 18:00:09+00:00,,Landmarks and Outdoors,Park,34.0,4.0,nyc,Explore
151,422,40.72754996806851,-74.00728659356426,33514,Soup Place,2012-12-03 18:00:09+00:00,,Dining and Drinking,Restaurant,34.0,4.0,nyc,Rec
152,422,40.73764699457167,-73.98097987488929,27661,Cemetery,2012-12-03 18:00:09+00:00,,Community and Government,Cemetery,34.0,4.0,nyc,Rec
153,422,40.7450671882921,-74.21509234320449,26952,Park,2012-12-03 18:00:09+00:00,,Landmarks and Outdoors,Park,34.0,4.0,nyc,Return
154,422,40.74231474726422,-74.21509234320449,15338,Park,2012-12-03 18:00:09+00:00,,Landmarks and Outdoors,Park,34.0,4.0,nyc,Rec
155,422,40.73701074442794,-74.17657456414393,18717,Neighborhood,2012-12-03 18:00:09+00:00,,Landmarks and Outdoors,States and Municipalities,34.0,4.0,nyc,Explore
156,422,40.71995711544069,-74.04287338256836,29939,Neighborhood,2012-12-03 18:00:09+00:00,,Landmarks and Outdoors,States and Municipalities,34.0,4.0,nyc,Explore
157,422,40.72583033777395,-74.03525933687514,28058,Building,2012-12-03 18:00:09+00:00,,Landmarks and Outdoors,Structure,34.0,4.0,nyc,Rec
158,422,40.70510361195934,-74.0068562116571,18541,Park,2012-12-03 18:00:09+00:00,,Landmarks and Outdoors,Park,34.0,4.0,nyc,Explore
159,422,40.70510361195934,-74.0068562116571,18541,Park,2012-12-03 18:00:09+00:00,,Landmarks and Outdoors,Park,34.0,4.0,nyc,Return
160,422,40.78626052122175,-73.95373821258545,25073,Playground,2012-12-04 18:00:09+00:00,,Landmarks and Outdoors,Park,35.0,5.0,nyc,Return
161,422,40.73764699457167,-73.98097987488929,27661,Cemetery,2012-12-04 18:00:09+00:00,,Community and Government,Cemetery,35.0,5.0,nyc,Return
162,422,40.74890933404696,-73.96507013702977,37695,Cemetery,2012-12-04 18:00:09+00:00,,Community and Government,Cemetery,35.0,5.0,nyc,Rec
163,422,40.74231474726422,-74.21509234320449,15338,Park,2012-12-04 18:00:09+00:00,,Landmarks and Outdoors,Park,35.0,5.0,nyc,Return
164,422,40.75670623779297,-74.21822357177734,34832,Building,2012-12-04 18:00:09+00:00,,Landmarks and Outdoors,Structure,35.0,5.0,nyc,Explore
165,422,40.66429840745589,-74.21084403991699,18371,Neighborhood,2012-12-04 18:00:09+00:00,,Landmarks and Outdoors,States and Municipalities,35.0,5.0,nyc,Rec
166,422,40.72351391597205,-74.22441244863307,33416,Neighborhood,2012-12-04 18:00:09+00:00,,Landmarks and Outdoors,States and Municipalities,35.0,5.0,nyc,Rec
167,422,40.70581523984293,-74.1529348190794,33356,Building,2012-12-04 18:00:09+00:00,,Landmarks and Outdoors,Structure,35.0,5.0,nyc,Rec
168,422,40.75065972663712,-74.1640068276603,7372,Diner,2012-12-04 18:00:09+00:00,,Dining and Drinking,Restaurant,35.0,5.0,nyc,Rec
169,422,40.72351391597205,-74.22441244863307,33416,Neighborhood,2012-12-04 18:00:09+00:00,,Landmarks and Outdoors,States and Municipalities,35.0,5.0,nyc,Return
170,422,40.77381437268857,-74.17543888092041,14414,Park,2012-12-04 18:00:09+00:00,,Landmarks and Outdoors,Park,35.0,5.0,nyc,Rec
171,422,40.707993670202136,-74.01231338250604,19934,Cemetery,2012-12-05 18:00:09+00:00,,Community and Government,Cemetery,36.0,5.0,nyc,Return
172,422,40.70483494533927,-74.01370167732239,731,Park,2012-12-05 18:00:09+00:00,,Landmarks and Outdoors,Park,36.0,5.0,nyc,Rec
173,422,40.74231474726422,-74.21509234320449,15338,Park,2012-12-05 18:00:09+00:00,,Landmarks and Outdoors,Park,36.0,5.0,nyc,Return
174,422,40.72351391597205,-74.22441244863307,33416,Neighborhood,2012-12-05 18:00:09+00:00,,Landmarks and Outdoors,States and Municipalities,36.0,5.0,nyc,Return
175,422,40.71995711544069,-74.04287338256836,29939,Neighborhood,2012-12-05 18:00:09+00:00,,Landmarks and Outdoors,States and Municipalities,36.0,5.0,nyc,Return
176,422,40.714243,-74.006438,24343,Building,2012-12-05 18:00:09+00:00,,Landmarks and Outdoors,Structure,36.0,5.0,nyc,Rec
177,422,40.71116686307952,-74.0089392510875,19118,Bank,2012-12-05 18:00:09+00:00,,Business and Professional Services,Financial Service,36.0,5.0,nyc,Rec
178,422,40.69404295325815,-73.9867591687836,1632,University,2012-12-05 18:00:09+00:00,,Community and Government,Education,36.0,5.0,nyc,Rec
179,422,40.694842426245394,-73.9942717552185,15379,Neighborhood,2012-12-05 18:00:09+00:00,,Landmarks and Outdoors,States and Municipalities,36.0,5.0,nyc,Rec
180,422,40.71995059157148,-74.01292163795515,13262,Park,2012-12-05 18:00:09+00:00,,Landmarks and Outdoors,Park,36.0,5.0,nyc,Explore
181,422,40.86758832173467,-74.0420008710735,15767,Drugstore / Pharmacy,2012-12-05 18:00:09+00:00,,Retail,Pharmacy,36.0,5.0,nyc,Return
182,422,40.753793031110206,-74.21435863712875,17499,Fast Food Restaurant,2012-12-06 18:00:09+00:00,,Dining and Drinking,Restaurant,37.0,5.0,nyc,Return
183,422,40.76338010329504,-74.22989194569948,31280,Park,2012-12-06 18:00:09+00:00,,Landmarks and Outdoors,Park,37.0,5.0,nyc,Explore
184,422,40.78626052122175,-73.95373821258545,25073,Playground,2012-12-06 18:00:09+00:00,,Landmarks and Outdoors,Park,37.0,5.0,nyc,Return
185,422,40.78750959293082,-73.95473269500745,35432,Neighborhood,2012-12-06 18:00:09+00:00,,Landmarks and Outdoors,States and Municipalities,37.0,5.0,nyc,Rec
186,422,40.73004244582688,-74.2205606541853,23429,Building,2012-12-06 18:00:09+00:00,,Landmarks and Outdoors,Structure,37.0,5.0,nyc,Return
187,422,40.83537240790504,-74.13870334625244,22288,Cemetery,2012-12-07 18:00:09+00:00,,Community and Government,Cemetery,38.0,5.0,nyc,Rec
188,422,40.72678506374359,-74.00346747445712,5959,Park,2012-12-07 18:00:09+00:00,,Landmarks and Outdoors,Park,38.0,5.0,nyc,Return
189,422,40.74218830848454,-73.98792418909154,902,Park,2012-12-07 18:00:09+00:00,,Landmarks and Outdoors,Park,38.0,5.0,nyc,Rec
190,422,40.74379022679562,-73.98389160633087,12503,Deli / Bodega,2012-12-07 18:00:09+00:00,,Dining and Drinking,Restaurant,38.0,5.0,nyc,Return
191,422,40.604532,-73.992438,31010,Other Great Outdoors,2012-12-07 18:00:09+00:00,,Landmarks and Outdoors,Park,38.0,5.0,nyc,Rec
192,422,40.59181678420415,-73.97895966363139,26817,Park,2012-12-07 18:00:09+00:00,,Landmarks and Outdoors,Park,38.0,5.0,nyc,Rec
193,422,40.59655374473915,-73.95077705383301,30773,Neighborhood,2012-12-07 18:00:09+00:00,,Landmarks and Outdoors,States and Municipalities,38.0,5.0,nyc,Rec
194,422,40.65016889724004,-73.94957542419434,21907,Neighborhood,2012-12-07 18:00:09+00:00,,Landmarks and Outdoors,States and Municipalities,38.0,5.0,nyc,Rec
195,422,40.74709440008955,-73.99452924728394,2329,University,2012-12-07 18:00:09+00:00,,Community and Government,Education,38.0,5.0,nyc,Explore
196,422,40.73314110797733,-74.01167643368683,14352,Park,2012-12-07 18:00:09+00:00,,Landmarks and Outdoors,Park,38.0,5.0,nyc,Explore
197,422,40.7134841573257,-74.00776863098145,20812,Building,2012-12-08 18:00:09+00:00,,Landmarks and Outdoors,Structure,39.0,5.0,nyc,Explore
198,422,40.71257663037988,-74.01224452327658,31247,General Travel,2012-12-08 18:00:09+00:00,,Travel and Transportation,General Travel,39.0,5.0,nyc,Rec
199,422,40.74231474726422,-74.21509234320449,15338,Park,2012-12-08 18:00:09+00:00,,Landmarks and Outdoors,Park,39.0,5.0,nyc,Return
200,422,40.74078665993677,-74.19118881225586,21640,Medical Center,2012-12-08 18:00:09+00:00,,Health and Medicine,Hospital,39.0,5.0,nyc,Rec
201,422,40.7409024814204,-74.1859367449505,19442,College Academic Building,2012-12-10 18:00:09+00:00,,Community and Government,Education,41.0,5.0,nyc,Rec
202,422,40.72351391597205,-74.22441244863307,33416,Neighborhood,2012-12-10 18:00:09+00:00,,Landmarks and Outdoors,States and Municipalities,41.0,5.0,nyc,Return
203,422,40.707993670202136,-74.01231338250604,19934,Cemetery,2012-12-10 18:00:09+00:00,,Community and Government,Cemetery,41.0,5.0,nyc,Return
204,422,40.73528249691621,-73.99040315158283,758,Park,2012-12-10 18:00:09+00:00,,Landmarks and Outdoors,Park,41.0,5.0,nyc,Rec
205,422,40.7450671882921,-74.21509234320449,26952,Park,2012-12-10 18:00:09+00:00,,Landmarks and Outdoors,Park,41.0,5.0,nyc,Return
206,422,40.73701074442794,-74.17657456414393,18717,Neighborhood,2012-12-10 18:00:09+00:00,,Landmarks and Outdoors,States and Municipalities,41.0,5.0,nyc,Rec
207,422,40.71140759208472,-74.00542733678141,22976,College Academic Building,2012-12-10 18:00:09+00:00,,Community and Government,Education,41.0,5.0,nyc,Rec
208,422,40.74218830848454,-73.98792418909154,902,Park,2012-12-10 18:00:09+00:00,,Landmarks and Outdoors,Park,41.0,5.0,nyc,Rec
209,422,40.74706188749892,-74.00519371032715,965,Park,2012-12-10 18:00:09+00:00,,Landmarks and Outdoors,Park,41.0,5.0,nyc,Rec
210,422,40.73696491032449,-74.00050366211661,23965,Medical Center,2012-12-10 18:00:09+00:00,,Health and Medicine,Hospital,41.0,5.0,nyc,Rec
211,422,40.86758832173467,-74.0420008710735,15767,Drugstore / Pharmacy,2012-12-10 18:00:09+00:00,,Retail,Pharmacy,41.0,5.0,nyc,Return
212,422,40.731155872068506,-73.98872764725327,2196,American Restaurant,2012-12-11 18:00:09+00:00,,Dining and Drinking,Restaurant,42.0,6.0,nyc,Rec
213,422,40.707993670202136,-74.01231338250604,19934,Cemetery,2012-12-11 18:00:09+00:00,,Community and Government,Cemetery,42.0,6.0,nyc,Return
214,422,40.72768968623147,-74.04474020004272,19668,Other Great Outdoors,2012-12-11 18:00:09+00:00,,Landmarks and Outdoors,Park,42.0,6.0,nyc,Rec
215,422,40.74231474726422,-74.21509234320449,15338,Park,2012-12-11 18:00:09+00:00,,Landmarks and Outdoors,Park,42.0,6.0,nyc,Return
216,422,40.7646651291205,-73.98807048797607,25701,Neighborhood,2012-12-11 18:00:09+00:00,,Landmarks and Outdoors,States and Municipalities,42.0,6.0,nyc,Rec
217,422,40.65016889724004,-73.94957542419434,21907,Neighborhood,2012-12-11 18:00:09+00:00,,Landmarks and Outdoors,States and Municipalities,42.0,6.0,nyc,Rec
218,422,40.653046,-73.973021,25015,Building,2012-12-11 18:00:09+00:00,,Landmarks and Outdoors,Structure,42.0,6.0,nyc,Rec
219,422,40.66669101205747,-73.95665645599364,22483,College Academic Building,2012-12-11 18:00:09+00:00,,Community and Government,Education,42.0,6.0,nyc,Rec
220,422,40.72351391597205,-74.22441244863307,33416,Neighborhood,2012-12-11 18:00:09+00:00,,Landmarks and Outdoors,States and Municipalities,42.0,6.0,nyc,Return
221,422,40.74231474726422,-74.21509234320449,15338,Park,2012-12-11 18:00:09+00:00,,Landmarks and Outdoors,Park,42.0,6.0,nyc,Rec
222,422,40.753793031110206,-74.21435863712875,17499,Fast Food Restaurant,2012-12-11 18:00:09+00:00,,Dining and Drinking,Restaurant,42.0,6.0,nyc,Return
223,422,40.765378,-74.147923,20862,School,2012-12-13 18:00:09+00:00,,Community and Government,Education,44.0,6.0,nyc,Rec
224,422,40.707993670202136,-74.01231338250604,19934,Cemetery,2012-12-13 18:00:09+00:00,,Community and Government,Cemetery,44.0,6.0,nyc,Return
225,422,40.73764699457167,-73.98097987488929,27661,Cemetery,2012-12-13 18:00:09+00:00,,Community and Government,Cemetery,44.0,6.0,nyc,Return
226,422,40.74231474726422,-74.21509234320449,15338,Park,2012-12-13 18:00:09+00:00,,Landmarks and Outdoors,Park,44.0,6.0,nyc,Return
227,422,40.74585891047168,-74.02283191680908,10237,Park,2012-12-13 18:00:09+00:00,,Landmarks and Outdoors,Park,44.0,6.0,nyc,Explore
228,422,40.72351391597205,-74.22441244863307,33416,Neighborhood,2012-12-13 18:00:09+00:00,,Landmarks and Outdoors,States and Municipalities,44.0,6.0,nyc,Return
229,422,40.73004244582688,-74.2205606541853,23429,Building,2012-12-13 18:00:09+00:00,,Landmarks and Outdoors,Structure,44.0,6.0,nyc,Rec
230,422,40.71185733658465,-74.1883789751488,33309,Cemetery,2012-12-15 18:00:09+00:00,,Community and Government,Cemetery,46.0,6.0,nyc,Rec
231,422,40.74231474726422,-74.21509234320449,15338,Park,2012-12-15 18:00:09+00:00,,Landmarks and Outdoors,Park,46.0,6.0,nyc,Return
232,422,40.73904517806524,-74.23416767400177,32728,Other Great Outdoors,2012-12-15 18:00:09+00:00,,Landmarks and Outdoors,Other Great Outdoors,46.0,6.0,nyc,Rec
233,422,40.749699952323645,-74.15427656830155,28607,School,2012-12-16 18:00:09+00:00,,Community and Government,Education,47.0,6.0,nyc,Rec
234,422,40.70860892993973,-74.01209532819432,26219,Cemetery,2012-12-16 18:00:09+00:00,,Community and Government,Cemetery,47.0,6.0,nyc,Explore
235,422,40.73083612189599,-73.99764060974121,896,Park,2012-12-16 18:00:09+00:00,,Landmarks and Outdoors,Park,47.0,6.0,nyc,Rec
236,422,40.73904517806524,-74.23416767400177,32728,Other Great Outdoors,2012-12-17 18:00:09+00:00,,Landmarks and Outdoors,Other Great Outdoors,48.0,6.0,nyc,Return
237,422,40.69880621611384,-74.23142800968738,15903,Drugstore / Pharmacy,2012-12-17 18:00:09+00:00,,Retail,Pharmacy,48.0,6.0,nyc,Rec
238,422,40.69843457,-74.232187,21456,Brazilian Restaurant,2012-12-17 18:00:09+00:00,,Dining and Drinking,Restaurant,48.0,6.0,nyc,Rec
239,422,40.71995059157148,-74.01292163795515,13262,Park,2012-12-18 18:00:09+00:00,,Landmarks and Outdoors,Park,49.0,7.0,nyc,Return
240,422,40.74231474726422,-74.21509234320449,15338,Park,2012-12-18 18:00:09+00:00,,Landmarks and Outdoors,Park,49.0,7.0,nyc,Return
241,422,40.70860892993973,-74.01209532819432,26219,Cemetery,2012-12-19 18:00:09+00:00,,Community and Government,Cemetery,50.0,7.0,nyc,Return
242,422,40.70624200209919,-74.01106817427426,3951,Steakhouse,2012-12-19 18:00:09+00:00,,Dining and Drinking,Restaurant,50.0,7.0,nyc,Explore
243,422,40.70919832245443,-74.01118576526642,4455,Park,2012-12-19 18:00:09+00:00,,Landmarks and Outdoors,Park,50.0,7.0,nyc,Rec
244,422,40.70901126835032,-74.01094436645508,37053,Park,2012-12-19 18:00:09+00:00,,Landmarks and Outdoors,Park,50.0,7.0,nyc,Rec
245,422,40.72351391597205,-74.22441244863307,33416,Neighborhood,2012-12-19 18:00:09+00:00,,Landmarks and Outdoors,States and Municipalities,50.0,7.0,nyc,Return
246,422,40.72351391597205,-74.22441244863307,33416,Neighborhood,2012-12-19 18:00:09+00:00,,Landmarks and Outdoors,States and Municipalities,50.0,7.0,nyc,Return
247,422,40.73004244582688,-74.2205606541853,23429,Building,2012-12-19 18:00:09+00:00,,Landmarks and Outdoors,Structure,50.0,7.0,nyc,Rec
248,422,40.73154769806844,-74.21958622911534,22481,College Academic Building,2012-12-19 18:00:09+00:00,,Community and Government,Education,50.0,7.0,nyc,Rec
249,422,40.79912705371394,-74.24870211224584,29358,City,2012-12-19 18:00:09+00:00,,Landmarks and Outdoors,States and Municipalities,50.0,7.0,nyc,Return
250,422,40.81384299132476,-74.2165196224297,29828,College Academic Building,2012-12-20 18:00:09+00:00,,Community and Government,Education,51.0,7.0,nyc,Rec
251,422,40.81142755649425,-74.19246075271414,7589,Playground,2012-12-20 18:00:09+00:00,,Landmarks and Outdoors,Park,51.0,7.0,nyc,Explore
252,422,40.7450671882921,-74.21509234320449,26952,Park,2012-12-20 18:00:09+00:00,,Landmarks and Outdoors,Park,51.0,7.0,nyc,Return
253,422,40.694842426245394,-73.9942717552185,15379,Neighborhood,2012-12-21 18:00:09+00:00,,Landmarks and Outdoors,States and Municipalities,52.0,7.0,nyc,Return
254,422,40.75277926721909,-73.97710013223526,12143,Miscellaneous Shop,2012-12-21 18:00:09+00:00,,Retail,Miscellaneous Store,52.0,7.0,nyc,Explore
255,422,40.73083612189599,-73.99764060974121,896,Park,2012-12-21 18:00:09+00:00,,Landmarks and Outdoors,Park,52.0,7.0,nyc,Rec
256,422,40.77825158126896,-73.9546293751913,6976,Bank,2012-12-21 18:00:09+00:00,,Business and Professional Services,Financial Service,52.0,7.0,nyc,Rec
257,422,40.77731921040652,-73.95497377436354,11565,Drugstore / Pharmacy,2012-12-22 18:00:09+00:00,,Retail,Pharmacy,53.0,7.0,nyc,Rec
258,422,40.71257663037988,-74.01224452327658,31247,General Travel,2012-12-22 18:00:09+00:00,,Travel and Transportation,General Travel,53.0,7.0,nyc,Return
259,422,40.74724254,-74.15266696,22925,Park,2012-12-22 18:00:09+00:00,,Landmarks and Outdoors,Park,53.0,7.0,nyc,Return
260,422,40.753793031110206,-74.21435863712875,17499,Fast Food Restaurant,2012-12-22 18:00:09+00:00,,Dining and Drinking,Restaurant,53.0,7.0,nyc,Return
261,422,40.766068671290064,-74.21616996870303,15108,Drugstore / Pharmacy,2012-12-23 18:00:09+00:00,,Retail,Pharmacy,54.0,7.0,nyc,Rec
262,422,40.73701074442794,-74.17657456414393,18717,Neighborhood,2012-12-23 18:00:09+00:00,,Landmarks and Outdoors,States and Municipalities,54.0,7.0,nyc,Rec
263,422,40.72482681274414,-74.20105743408203,31393,Movie Theater,2012-12-23 18:00:09+00:00,,Arts and Entertainment,Movie Theater,54.0,7.0,nyc,Rec
264,422,40.74148072635098,-74.00943275021737,1036,Other Great Outdoors,2012-12-23 18:00:09+00:00,,Landmarks and Outdoors,Other Great Outdoors,54.0,7.0,nyc,Explore
265,422,40.8465953797366,-73.94228225952985,8568,Other Great Outdoors,2012-12-23 18:00:09+00:00,,Landmarks and Outdoors,Park,54.0,7.0,nyc,Rec
266,422,40.84894322160766,-73.9369797706604,7890,Neighborhood,2012-12-23 18:00:09+00:00,,Landmarks and Outdoors,States and Municipalities,54.0,7.0,nyc,Rec
267,422,40.82827721161922,-73.92655344439045,751,Stadium,2012-12-23 18:00:09+00:00,,Arts and Entertainment,Stadium,54.0,7.0,nyc,Rec
268,422,40.854907,-73.90528,28277,School,2012-12-28 18:00:09+00:00,,Community and Government,Education,59.0,8.0,nyc,Rec
269,422,40.94104386545976,-74.08929388158533,16099,Cemetery,2012-12-28 18:00:09+00:00,,Community and Government,Cemetery,59.0,8.0,nyc,Rec
270,422,40.74231474726422,-74.21509234320449,15338,Park,2012-12-28 18:00:09+00:00,,Landmarks and Outdoors,Park,59.0,8.0,nyc,Return
271,422,40.74231474726422,-74.21509234320449,15338,Park,2012-12-28 18:00:09+00:00,,Landmarks and Outdoors,Park,59.0,8.0,nyc,Return
272,422,40.72351391597205,-74.22441244863307,33416,Neighborhood,2012-12-28 18:00:09+00:00,,Landmarks and Outdoors,States and Municipalities,59.0,8.0,nyc,Rec
273,422,40.71231548,-74.212766,25963,School,2012-12-28 18:00:09+00:00,,Community and Government,Education,59.0,8.0,nyc,Rec
274,422,40.73308000062968,-74.1708254814148,3114,Stadium,2012-12-28 18:00:09+00:00,,Arts and Entertainment,Stadium,59.0,8.0,nyc,Rec
275,422,40.73701074442794,-74.17657456414393,18717,Neighborhood,2012-12-28 18:00:09+00:00,,Landmarks and Outdoors,States and Municipalities,59.0,8.0,nyc,Rec
276,422,40.75912296762007,-74.20852661132812,13137,General Travel,2012-12-29 18:00:09+00:00,,Travel and Transportation,General Travel,60.0,8.0,nyc,Rec
277,422,40.75482322519054,-74.21422106691412,12404,Medical Center,2012-12-29 18:00:09+00:00,,Health and Medicine,Hospital,60.0,8.0,nyc,Rec
278,422,40.75670623779297,-74.21822357177734,34832,Building,2012-12-30 18:00:09+00:00,,Landmarks and Outdoors,Structure,61.0,8.0,nyc,Rec
279,422,40.77790038629762,-74.19154350717584,30093,School,2012-12-31 18:00:09+00:00,,Community and Government,Education,62.0,8.0,nyc,Rec
280,422,40.70919832245443,-74.01118576526642,4455,Park,2012-12-31 18:00:09+00:00,,Landmarks and Outdoors,Park,62.0,8.0,nyc,Rec
281,422,40.69603910005389,-73.98482510468361,34864,Cemetery,2013-01-02 18:00:09+00:00,,Community and Government,Cemetery,64.0,9.0,nyc,Explore
282,422,40.69648023698471,-73.98602457106364,4218,Park,2013-01-02 18:00:09+00:00,,Landmarks and Outdoors,Park,64.0,9.0,nyc,Rec
283,422,40.707555,-74.007066,3954,Italian Restaurant,2013-01-03 18:00:09+00:00,,Dining and Drinking,Restaurant,65.0,9.0,nyc,Rec
284,422,40.83537240790504,-74.13870334625244,22288,Cemetery,2013-01-03 18:00:09+00:00,,Community and Government,Cemetery,65.0,9.0,nyc,Return
285,422,40.77381437268857,-74.17543888092041,14414,Park,2013-01-03 18:00:09+00:00,,Landmarks and Outdoors,Park,65.0,9.0,nyc,Rec
286,422,40.78879365336967,-74.1639724257545,23672,Park,2013-01-03 18:00:09+00:00,,Landmarks and Outdoors,Park,65.0,9.0,nyc,Rec
287,422,40.73629922231418,-74.17405764492588,33974,Neighborhood,2013-01-03 18:00:09+00:00,,Landmarks and Outdoors,States and Municipalities,65.0,9.0,nyc,Explore
288,422,40.72351391597205,-74.22441244863307,33416,Neighborhood,2013-01-03 18:00:09+00:00,,Landmarks and Outdoors,States and Municipalities,65.0,9.0,nyc,Return
289,422,40.73004244582688,-74.2205606541853,23429,Building,2013-01-03 18:00:09+00:00,,Landmarks and Outdoors,Structure,65.0,9.0,nyc,Rec
290,422,40.72851582243573,-74.23447717325722,22405,College Academic Building,2013-01-04 18:00:09+00:00,,Community and Government,Education,66.0,9.0,nyc,Return
291,422,40.604532,-73.992438,31010,Other Great Outdoors,2013-01-04 18:00:09+00:00,,Landmarks and Outdoors,Park,66.0,9.0,nyc,Return
292,422,40.646977948519975,-73.94099235534668,13530,Cemetery,2013-01-04 18:00:09+00:00,,Community and Government,Cemetery,66.0,9.0,nyc,Rec
293,422,40.65,-73.949856,20221,Playground,2013-01-04 18:00:09+00:00,,Landmarks and Outdoors,Park,66.0,9.0,nyc,Rec
294,422,40.66390776998241,-73.970947265625,1301,Park,2013-01-04 18:00:09+00:00,,Landmarks and Outdoors,Park,66.0,9.0,nyc,Rec
295,422,40.69880621611384,-74.23142800968738,15903,Drugstore / Pharmacy,2013-01-04 18:00:09+00:00,,Retail,Pharmacy,66.0,9.0,nyc,Return
296,422,40.66343086851149,-74.23416194252916,23396,Cosmetics Shop,2013-01-04 18:00:09+00:00,,Retail,Cosmetics Store,66.0,9.0,nyc,Rec
297,422,40.7174162220331,-74.2417387929583,31333,Medical Center,2013-01-05 18:00:09+00:00,,Health and Medicine,Hospital,67.0,9.0,nyc,Return
298,422,40.75912296762007,-74.20852661132812,13137,General Travel,2013-01-05 18:00:09+00:00,,Travel and Transportation,General Travel,67.0,9.0,nyc,Rec
299,422,40.74899616516048,-74.21214030488811,30579,Cemetery,2013-01-07 18:00:09+00:00,,Community and Government,Cemetery,69.0,9.0,nyc,Rec
300,422,40.7450671882921,-74.21509234320449,26952,Park,2013-01-07 18:00:09+00:00,,Landmarks and Outdoors,Park,69.0,9.0,nyc,Return
301,422,40.74890933404696,-73.96507013702977,37695,Cemetery,2013-01-07 18:00:09+00:00,,Community and Government,Cemetery,69.0,9.0,nyc,Return
302,422,40.732201970137126,-73.97390842437744,4954,Park,2013-01-07 18:00:09+00:00,,Landmarks and Outdoors,Park,69.0,9.0,nyc,Explore
303,422,40.7450671882921,-74.21509234320449,26952,Park,2013-01-07 18:00:09+00:00,,Landmarks and Outdoors,Park,69.0,9.0,nyc,Return
304,422,40.73701074442794,-74.17657456414393,18717,Neighborhood,2013-01-07 18:00:09+00:00,,Landmarks and Outdoors,States and Municipalities,69.0,9.0,nyc,Rec
305,422,40.74379022679562,-73.98389160633087,12503,Deli / Bodega,2013-01-08 18:00:09+00:00,,Dining and Drinking,Restaurant,70.0,10.0,nyc,Return
306,422,40.74218830848454,-73.98792418909154,902,Park,2013-01-08 18:00:09+00:00,,Landmarks and Outdoors,Park,70.0,10.0,nyc,Rec
307,422,40.7450671882921,-74.21509234320449,26952,Park,2013-01-08 18:00:09+00:00,,Landmarks and Outdoors,Park,70.0,10.0,nyc,Return
308,422,40.73004244582688,-74.2205606541853,23429,Building,2013-01-08 18:00:09+00:00,,Landmarks and Outdoors,Structure,70.0,10.0,nyc,Return
309,422,40.78626052122175,-73.95373821258545,25073,Playground,2013-01-08 18:00:09+00:00,,Landmarks and Outdoors,Park,70.0,10.0,nyc,Return
310,422,40.74218830848454,-73.98792418909154,902,Park,2013-01-08 18:00:09+00:00,,Landmarks and Outdoors,Park,70.0,10.0,nyc,Rec
311,422,40.73702007744505,-74.21880668534371,14846,Deli / Bodega,2013-01-09 18:00:09+00:00,,Dining and Drinking,Restaurant,71.0,10.0,nyc,Return
312,422,40.81394865791736,-74.00417060668508,19976,Cemetery,2013-01-09 18:00:09+00:00,,Community and Government,Cemetery,71.0,10.0,nyc,Rec
313,422,40.74218830848454,-73.98792418909154,902,Park,2013-01-09 18:00:09+00:00,,Landmarks and Outdoors,Park,71.0,10.0,nyc,Return
314,422,40.76203225371199,-73.98515224456787,22183,Neighborhood,2013-01-09 18:00:09+00:00,,Landmarks and Outdoors,States and Municipalities,71.0,10.0,nyc,Rec
315,422,40.73004244582688,-74.2205606541853,23429,Building,2013-01-09 18:00:09+00:00,,Landmarks and Outdoors,Structure,71.0,10.0,nyc,Return
316,422,40.7174162220331,-74.2417387929583,31333,Medical Center,2013-01-09 18:00:09+00:00,,Health and Medicine,Hospital,71.0,10.0,nyc,Rec
317,422,40.74231474726422,-74.21509234320449,15338,Park,2013-01-10 18:00:09+00:00,,Landmarks and Outdoors,Park,72.0,10.0,nyc,Rec
318,422,40.73528249691621,-73.99040315158283,758,Park,2013-01-10 18:00:09+00:00,,Landmarks and Outdoors,Park,72.0,10.0,nyc,Rec
319,422,40.72351391597205,-74.22441244863307,33416,Neighborhood,2013-01-10 18:00:09+00:00,,Landmarks and Outdoors,States and Municipalities,72.0,10.0,nyc,Return
320,422,40.73004244582688,-74.2205606541853,23429,Building,2013-01-10 18:00:09+00:00,,Landmarks and Outdoors,Structure,72.0,10.0,nyc,Rec
321,422,40.83537240790504,-74.13870334625244,22288,Cemetery,2013-01-11 18:00:09+00:00,,Community and Government,Cemetery,73.0,10.0,nyc,Return
322,422,40.604532,-73.992438,31010,Other Great Outdoors,2013-01-11 18:00:09+00:00,,Landmarks and Outdoors,Park,73.0,10.0,nyc,Return
323,422,40.72351391597205,-74.22441244863307,33416,Neighborhood,2013-01-11 18:00:09+00:00,,Landmarks and Outdoors,States and Municipalities,73.0,10.0,nyc,Return
324,422,40.70221677238725,-74.20890733875868,26383,Playground,2013-01-11 18:00:09+00:00,,Landmarks and Outdoors,Park,73.0,10.0,nyc,Explore
325,422,40.7174162220331,-74.2417387929583,31333,Medical Center,2013-01-12 18:00:09+00:00,,Health and Medicine,Hospital,74.0,10.0,nyc,Return
326,422,40.72351391597205,-74.22441244863307,33416,Neighborhood,2013-01-12 18:00:09+00:00,,Landmarks and Outdoors,States and Municipalities,74.0,10.0,nyc,Rec
327,422,40.74351791982977,-74.17406558990479,17696,Medical Center,2013-01-12 18:00:09+00:00,,Health and Medicine,Hospital,74.0,10.0,nyc,Explore
328,422,40.77731921040652,-73.95497377436354,11565,Drugstore / Pharmacy,2013-01-13 18:00:09+00:00,,Retail,Pharmacy,75.0,10.0,nyc,Return
329,422,40.743037008503485,-74.24579646305217,2921,University,2013-01-14 18:00:09+00:00,,Community and Government,Education,76.0,10.0,nyc,Return
330,422,40.71185733658465,-74.1883789751488,33309,Cemetery,2013-01-14 18:00:09+00:00,,Community and Government,Cemetery,76.0,10.0,nyc,Rec
331,422,40.72919966507584,-74.19432389370422,31272,Park,2013-01-14 18:00:09+00:00,,Landmarks and Outdoors,Park,76.0,10.0,nyc,Rec
332,422,40.73720984047963,-74.17947292327881,33973,Neighborhood,2013-01-14 18:00:09+00:00,,Landmarks and Outdoors,States and Municipalities,76.0,10.0,nyc,Explore
333,422,40.73701074442794,-74.17657456414393,18717,Neighborhood,2013-01-14 18:00:09+00:00,,Landmarks and Outdoors,States and Municipalities,76.0,10.0,nyc,Rec
334,422,40.81394865791736,-74.00417060668508,19976,Cemetery,2013-01-14 18:00:09+00:00,,Community and Government,Cemetery,76.0,10.0,nyc,Rec
335,422,40.81328954943149,-74.01137351989746,12732,American Restaurant,2013-01-14 18:00:09+00:00,,Dining and Drinking,Restaurant,76.0,10.0,nyc,Rec
336,422,40.72351391597205,-74.22441244863307,33416,Neighborhood,2013-01-15 18:00:09+00:00,,Landmarks and Outdoors,States and Municipalities,77.0,11.0,nyc,Return
337,422,40.73004244582688,-74.2205606541853,23429,Building,2013-01-15 18:00:09+00:00,,Landmarks and Outdoors,Structure,77.0,11.0,nyc,Rec
338,422,40.74379022679562,-73.98389160633087,12503,Deli / Bodega,2013-01-17 18:00:09+00:00,,Dining and Drinking,Restaurant,79.0,11.0,nyc,Return
339,422,40.753793031110206,-74.21435863712875,17499,Fast Food Restaurant,2013-01-18 18:00:09+00:00,,Dining and Drinking,Restaurant,80.0,11.0,nyc,Return
340,422,40.753793031110206,-74.21435863712875,17499,Fast Food Restaurant,2013-01-18 18:00:09+00:00,,Dining and Drinking,Restaurant,80.0,11.0,nyc,Return
341,422,40.77381437268857,-74.17543888092041,14414,Park,2013-01-21 18:00:09+00:00,,Landmarks and Outdoors,Park,83.0,11.0,nyc,Rec
342,422,40.74952980542782,-74.1490528662507,24340,City,2013-01-21 18:00:09+00:00,,Landmarks and Outdoors,States and Municipalities,83.0,11.0,nyc,Rec
343,422,40.71995711544069,-74.04287338256836,29939,Neighborhood,2013-01-21 18:00:09+00:00,,Landmarks and Outdoors,States and Municipalities,83.0,11.0,nyc,Return
344,422,40.7331450394645,-73.86301517486572,11617,Mall,2013-01-21 18:00:09+00:00,,Retail,Shopping Mall,83.0,11.0,nyc,Rec
345,422,40.74181585963494,-73.8810057611792,26733,Neighborhood,2013-01-22 18:00:09+00:00,,Landmarks and Outdoors,States and Municipalities,84.0,12.0,nyc,Rec
346,422,40.753793031110206,-74.21435863712875,17499,Fast Food Restaurant,2013-01-22 18:00:09+00:00,,Dining and Drinking,Restaurant,84.0,12.0,nyc,Return
347,422,40.94104386545976,-74.08929388158533,16099,Cemetery,2013-01-22 18:00:09+00:00,,Community and Government,Cemetery,84.0,12.0,nyc,Return
348,422,40.72351391597205,-74.22441244863307,33416,Neighborhood,2013-01-22 18:00:09+00:00,,Landmarks and Outdoors,States and Municipalities,84.0,12.0,nyc,Return
349,422,40.71834202528393,-74.00061816553153,9550,Neighborhood,2013-01-22 18:00:09+00:00,,Landmarks and Outdoors,States and Municipalities,84.0,12.0,nyc,Rec
350,422,40.770175302901045,-73.97181414389736,34956,Racetrack,2013-01-27 18:00:09+00:00,,Sports and Recreation,Race Track,89.0,12.0,nyc,Explore
351,422,40.80774561312955,-73.94624880614921,17806,Neighborhood,2013-01-27 18:00:09+00:00,,Landmarks and Outdoors,States and Municipalities,89.0,12.0,nyc,Rec
352,422,40.80496514019883,-73.94109400181172,29268,Deli / Bodega,2013-01-28 18:00:09+00:00,,Dining and Drinking,Restaurant,90.0,12.0,nyc,Rec
353,422,40.73629922231418,-74.17405764492588,33974,Neighborhood,2013-01-28 18:00:09+00:00,,Landmarks and Outdoors,States and Municipalities,90.0,12.0,nyc,Return
354,422,40.73308000062968,-74.1708254814148,3114,Stadium,2013-01-28 18:00:09+00:00,,Arts and Entertainment,Stadium,90.0,12.0,nyc,Return
355,422,40.72351391597205,-74.22441244863307,33416,Neighborhood,2013-01-28 18:00:09+00:00,,Landmarks and Outdoors,States and Municipalities,90.0,12.0,nyc,Return
356,422,40.749699952323645,-74.15427656830155,28607,School,2013-01-29 18:00:09+00:00,,Community and Government,Education,91.0,13.0,nyc,Rec
357,422,40.72351391597205,-74.22441244863307,33416,Neighborhood,2013-01-29 18:00:09+00:00,,Landmarks and Outdoors,States and Municipalities,91.0,13.0,nyc,Rec
358,422,40.73685214795608,-74.15033340454102,12976,Stadium,2013-01-30 18:00:09+00:00,,Arts and Entertainment,Stadium,92.0,13.0,nyc,Rec
359,422,40.72998080733189,-74.15903568626622,33085,Neighborhood,2013-01-30 18:00:09+00:00,,Landmarks and Outdoors,States and Municipalities,92.0,13.0,nyc,Explore
360,422,40.74091672247482,-74.17513847351074,9676,University,2013-01-30 18:00:09+00:00,,Community and Government,Education,92.0,13.0,nyc,Rec
361,422,40.73701074442794,-74.17657456414393,18717,Neighborhood,2013-01-31 18:00:09+00:00,,Landmarks and Outdoors,States and Municipalities,93.0,13.0,nyc,Rec
362,422,40.81143815229546,-74.06779646873474,2256,Stadium,2013-01-31 18:00:09+00:00,,Arts and Entertainment,Stadium,93.0,13.0,nyc,Rec
363,422,40.79198930151704,-74.00414765263396,29256,Neighborhood,2013-01-31 18:00:09+00:00,,Landmarks and Outdoors,States and Municipalities,93.0,13.0,nyc,Explore
364,422,40.75277926721909,-73.97710013223526,12143,Miscellaneous Shop,2013-02-01 18:00:09+00:00,,Retail,Miscellaneous Store,94.0,13.0,nyc,Rec
365,422,40.73701074442794,-74.17657456414393,18717,Neighborhood,2013-02-02 18:00:09+00:00,,Landmarks and Outdoors,States and Municipalities,95.0,13.0,nyc,Return
366,422,40.74231474726422,-74.21509234320449,15338,Park,2013-02-02 18:00:09+00:00,,Landmarks and Outdoors,Park,95.0,13.0,nyc,Return
367,422,40.72351391597205,-74.22441244863307,33416,Neighborhood,2013-02-02 18:00:09+00:00,,Landmarks and Outdoors,States and Municipalities,95.0,13.0,nyc,Rec
368,422,40.73873719958947,-74.2325743177229,35566,Neighborhood,2013-02-02 18:00:09+00:00,,Landmarks and Outdoors,States and Municipalities,95.0,13.0,nyc,Rec
369,422,40.75912296762007,-74.20852661132812,13137,General Travel,2013-02-02 18:00:09+00:00,,Travel and Transportation,General Travel,95.0,13.0,nyc,Return
370,422,40.76390650398143,-74.23509617020207,16146,Church,2013-02-02 18:00:09+00:00,,Community and Government,Spiritual Center,95.0,13.0,nyc,Return
371,422,40.69880621611384,-74.23142800968738,15903,Drugstore / Pharmacy,2013-02-02 18:00:09+00:00,,Retail,Pharmacy,95.0,13.0,nyc,Return
372,422,40.71185733658465,-74.1883789751488,33309,Cemetery,2013-02-04 18:00:09+00:00,,Community and Government,Cemetery,97.0,13.0,nyc,Rec
373,422,40.74899616516048,-74.21214030488811,30579,Cemetery,2013-02-05 18:00:09+00:00,,Community and Government,Cemetery,98.0,14.0,nyc,Rec
374,422,40.77381437268857,-74.17543888092041,14414,Park,2013-02-05 18:00:09+00:00,,Landmarks and Outdoors,Park,98.0,14.0,nyc,Return
375,422,40.73314110797733,-74.01167643368683,14352,Park,2013-02-05 18:00:09+00:00,,Landmarks and Outdoors,Park,98.0,14.0,nyc,Return
376,422,40.74053450896559,-73.99484529691256,34452,Neighborhood,2013-02-05 18:00:09+00:00,,Landmarks and Outdoors,States and Municipalities,98.0,14.0,nyc,Rec
377,422,40.744900094545365,-73.98286232535908,10480,Bank,2013-02-05 18:00:09+00:00,,Business and Professional Services,Financial Service,98.0,14.0,nyc,Rec
378,422,40.73764699457167,-73.98097987488929,27661,Cemetery,2013-02-08 18:00:09+00:00,,Community and Government,Cemetery,101.0,14.0,nyc,Rec
379,422,40.74218830848454,-73.98792418909154,902,Park,2013-02-08 18:00:09+00:00,,Landmarks and Outdoors,Park,101.0,14.0,nyc,Rec
380,422,40.73528249691621,-73.99040315158283,758,Park,2013-02-08 18:00:09+00:00,,Landmarks and Outdoors,Park,101.0,14.0,nyc,Rec
381,422,40.72288437724696,-73.99875640869139,19232,Neighborhood,2013-02-08 18:00:09+00:00,,Landmarks and Outdoors,States and Municipalities,101.0,14.0,nyc,Rec
382,422,40.73004244582688,-74.2205606541853,23429,Building,2013-02-08 18:00:09+00:00,,Landmarks and Outdoors,Structure,101.0,14.0,nyc,Return
383,422,40.72351391597205,-74.22441244863307,33416,Neighborhood,2013-02-10 18:00:09+00:00,,Landmarks and Outdoors,States and Municipalities,103.0,14.0,nyc,Return
