,uid,lat,lng,venueID,venue_descr,time,city_name,First_Category,Second_Category,step,epoch,city,simulation_state
0,90,40.75557768724385,-73.97818048527262,29898,Coffee Shop,2012-04-06 16:35:59+00:00,New York City,Dining and Drinking,"Cafe, Coffee, and Tea House",,,,
1,90,40.755404,-73.979639,7917,Coffee Shop,2012-04-06 16:37:17+00:00,New York City,Dining and Drinking,"Cafe, Coffee, and Tea House",,,,
2,90,40.7523461329262,-73.97452889871566,3094,Coffee Shop,2012-04-13 13:36:03+00:00,New York City,Dining and Drinking,"Cafe, Coffee, and Tea House",,,,
3,90,40.75985680025527,-73.98247780191426,6457,Seafood Restaurant,2012-04-13 16:53:36+00:00,New York City,Dining and Drinking,Restaurant,,,,
4,90,40.75922886315155,-73.981347183746,7226,Gym / Fitness Center,2012-04-13 17:33:24+00:00,New York City,Sports and Recreation,Gym and Studio,,,,
5,90,40.76232480057456,-73.9678144454956,1795,Department Store,2012-04-13 23:12:58+00:00,New York City,Retail,Department Store,,,,
6,90,40.75557768724385,-73.97818048527262,29898,Coffee Shop,2012-04-20 13:37:26+00:00,New York City,Dining and Drinking,"Cafe, Coffee, and Tea House",,,,
7,90,40.75557768724385,-73.97818048527262,29898,Coffee Shop,2012-04-27 13:17:30+00:00,New York City,Dining and Drinking,"Cafe, Coffee, and Tea House",,,,
8,90,40.7539591745711,-73.97656637453203,10715,Coffee Shop,2012-04-27 18:34:54+00:00,New York City,Dining and Drinking,"Cafe, Coffee, and Tea House",,,,
9,90,40.75389731001637,-73.97855401039124,7620,Coffee Shop,2012-08-10 13:15:32+00:00,New York City,Dining and Drinking,"Cafe, Coffee, and Tea House",,,,
10,90,40.75353217770949,-73.98182353637398,3885,Bar,2012-08-10 14:42:44+00:00,New York City,Dining and Drinking,Juice Bar,,,,
11,90,40.754263,-73.980316,3255,Gym / Fitness Center,2012-08-10 18:37:20+00:00,New York City,Sports and Recreation,Gym and Studio,,,,
12,90,40.7422830486823,-73.98161118655314,16719,Tanning Salon,2012-08-10 21:53:29+00:00,New York City,Business and Professional Services,Health and Beauty Service,,,,
13,90,40.738417,-73.98217,36545,Japanese Restaurant,2012-08-10 23:35:48+00:00,New York City,Dining and Drinking,Restaurant,,,,
14,90,40.72876544176381,-74.00093979691887,25336,Seafood Restaurant,2012-08-17 00:57:02+00:00,New York City,Dining and Drinking,Restaurant,,,,
15,90,40.75557768724385,-73.97818048527262,29898,Coffee Shop,2012-08-17 14:15:52+00:00,New York City,Dining and Drinking,"Cafe, Coffee, and Tea House",,,,
16,90,40.76139825093475,-73.96798013320362,3713,Coffee Shop,2012-07-27 22:50:56+00:00,New York City,Dining and Drinking,"Cafe, Coffee, and Tea House",,,,
17,90,40.75557768724385,-73.97818048527262,29898,Coffee Shop,2012-06-08 14:14:26+00:00,New York City,Dining and Drinking,"Cafe, Coffee, and Tea House",,,,
18,90,40.754263,-73.980316,3255,Gym / Fitness Center,2012-06-15 12:16:14+00:00,New York City,Sports and Recreation,Gym and Studio,,,,
19,90,40.755404,-73.979639,7917,Coffee Shop,2012-06-15 13:49:01+00:00,New York City,Dining and Drinking,"Cafe, Coffee, and Tea House",,,,
20,90,40.738478007566,-73.98219108581543,4985,Sushi Restaurant,2012-05-04 00:20:57+00:00,New York City,Dining and Drinking,Restaurant,,,,
21,90,40.75557768724385,-73.97818048527262,29898,Coffee Shop,2012-05-04 13:40:18+00:00,New York City,Dining and Drinking,"Cafe, Coffee, and Tea House",,,,
22,90,40.755404,-73.979639,7917,Coffee Shop,2012-05-04 20:12:26+00:00,New York City,Dining and Drinking,"Cafe, Coffee, and Tea House",,,,
23,90,40.762762512171065,-73.97173953064508,21290,Bar,2012-05-11 04:43:53+00:00,New York City,Arts and Entertainment,Night Club,,,,
24,90,40.721182,-74.001292,5183,Clothing Store,2012-05-11 17:03:10+00:00,New York City,Retail,Fashion Retail,,,,
25,90,40.7114673282201,-74.01328325271606,11234,Historic Site,2012-05-11 19:23:14+00:00,New York City,Landmarks and Outdoors,Historic and Protected Site,,,,
26,90,40.75557768724385,-73.97818048527262,29898,Coffee Shop,2012-05-18 14:15:23+00:00,New York City,Dining and Drinking,"Cafe, Coffee, and Tea House",,,,
27,90,40.754263,-73.980316,3255,Gym / Fitness Center,2012-05-25 18:12:16+00:00,New York City,Sports and Recreation,Gym and Studio,,,,
28,90,40.738478007566,-73.98219108581543,4985,Sushi Restaurant,2012-05-25 22:20:34+00:00,New York City,Dining and Drinking,Restaurant,,,,
29,90,40.74683164342422,-73.97739283744367,23685,Clothing Store,2012-10-12 00:35:21+00:00,New York City,Retail,Fashion Retail,,,,
30,90,40.75557768724385,-73.97818048527262,29898,Coffee Shop,2012-10-12 13:45:45+00:00,New York City,Dining and Drinking,"Cafe, Coffee, and Tea House",,,,
31,90,40.73485817874847,-73.98609343971927,7467,Sushi Restaurant,2012-10-12 23:12:25+00:00,New York City,Dining and Drinking,Restaurant,,,,
32,90,40.75557768724385,-73.97818048527262,29898,Coffee Shop,2012-04-09 13:32:39+00:00,New York City,Dining and Drinking,"Cafe, Coffee, and Tea House",,,,
33,90,40.755312350357976,-73.98122092140568,11135,Gym / Fitness Center,2012-04-09 16:42:17+00:00,New York City,Sports and Recreation,Gym and Studio,,,,
34,90,40.754525,-73.977265,24263,Mediterranean Restaurant,2012-04-09 18:55:18+00:00,New York City,Dining and Drinking,Restaurant,,,,
35,90,40.74016643521196,-73.98603031011922,9615,Gym / Fitness Center,2012-04-16 11:15:03+00:00,New York City,Sports and Recreation,Gym and Studio,,,,
36,90,40.75695,-73.981180075,26803,Italian Restaurant,2012-04-16 17:04:39+00:00,New York City,Dining and Drinking,Restaurant,,,,
37,90,40.74016643521196,-73.98603031011922,9615,Gym / Fitness Center,2012-04-23 09:30:49+00:00,New York City,Sports and Recreation,Gym and Studio,,,,
38,90,40.755404,-73.979639,7917,Coffee Shop,2012-08-06 13:20:00+00:00,New York City,Dining and Drinking,"Cafe, Coffee, and Tea House",,,,
39,90,40.740015,-73.982205,1087,Bar,2012-08-13 00:32:40+00:00,New York City,Dining and Drinking,Bar,,,,
40,90,40.754525,-73.977265,24263,Mediterranean Restaurant,2012-08-13 18:14:59+00:00,New York City,Dining and Drinking,Restaurant,,,,
41,90,40.754263,-73.980316,3255,Gym / Fitness Center,2012-08-13 22:21:53+00:00,New York City,Sports and Recreation,Gym and Studio,,,,
42,90,40.755404,-73.979639,7917,Coffee Shop,2012-07-30 13:44:08+00:00,New York City,Dining and Drinking,"Cafe, Coffee, and Tea House",,,,
43,90,40.754263,-73.980316,3255,Gym / Fitness Center,2012-07-30 22:28:33+00:00,New York City,Sports and Recreation,Gym and Studio,,,,
44,90,40.755404,-73.979639,7917,Coffee Shop,2012-06-11 13:55:27+00:00,New York City,Dining and Drinking,"Cafe, Coffee, and Tea House",,,,
45,90,40.754263,-73.980316,3255,Gym / Fitness Center,2012-06-11 17:28:50+00:00,New York City,Sports and Recreation,Gym and Studio,,,,
46,90,40.754263,-73.980316,3255,Gym / Fitness Center,2012-06-11 22:28:45+00:00,New York City,Sports and Recreation,Gym and Studio,,,,
47,90,40.73998,-73.986648,53,Salad Place,2012-05-07 00:44:29+00:00,New York City,Dining and Drinking,Restaurant,,,,
48,90,40.75557768724385,-73.97818048527262,29898,Coffee Shop,2012-05-07 14:29:05+00:00,New York City,Dining and Drinking,"Cafe, Coffee, and Tea House",,,,
49,90,40.754525,-73.977265,24263,Mediterranean Restaurant,2012-05-07 19:20:11+00:00,New York City,Dining and Drinking,Restaurant,,,,
50,90,40.755312350357976,-73.98122092140568,11135,Gym / Fitness Center,2012-05-07 22:13:21+00:00,New York City,Sports and Recreation,Gym and Studio,,,,
51,90,40.738478007566,-73.98219108581543,4985,Sushi Restaurant,2012-05-14 00:56:54+00:00,New York City,Dining and Drinking,Restaurant,,,,
52,90,40.75557768724385,-73.97818048527262,29898,Coffee Shop,2012-05-14 13:57:45+00:00,New York City,Dining and Drinking,"Cafe, Coffee, and Tea House",,,,
53,90,40.755404,-73.979639,7917,Coffee Shop,2012-05-14 19:41:02+00:00,New York City,Dining and Drinking,"Cafe, Coffee, and Tea House",,,,
54,90,40.755312350357976,-73.98122092140568,11135,Gym / Fitness Center,2012-05-14 22:29:00+00:00,New York City,Sports and Recreation,Gym and Studio,,,,
55,90,40.762762512171065,-73.97173953064508,21290,Bar,2012-05-28 01:25:34+00:00,New York City,Arts and Entertainment,Night Club,,,,
56,90,40.74029892315393,-73.98678302764893,3846,Coffee Shop,2012-05-28 17:17:30+00:00,New York City,Dining and Drinking,"Cafe, Coffee, and Tea House",,,,
57,90,40.77552917709761,-73.97142385887315,35777,Moving Target,2012-05-28 17:56:03+00:00,New York City,Travel and Transportation,Moving Target,,,,
58,90,40.752294,-74.008758,126,Bar,2012-05-28 17:57:04+00:00,New York City,Dining and Drinking,Bar,,,,
59,90,40.738478007566,-73.98219108581543,4985,Sushi Restaurant,2012-05-28 23:03:34+00:00,New York City,Dining and Drinking,Restaurant,,,,
60,90,40.755404,-73.979639,7917,Coffee Shop,2012-10-08 13:42:57+00:00,New York City,Dining and Drinking,"Cafe, Coffee, and Tea House",,,,
61,90,40.74016643521196,-73.98603031011922,9615,Gym / Fitness Center,2012-04-07 12:38:15+00:00,New York City,Sports and Recreation,Gym and Studio,,,,
62,90,40.73396532807397,-73.98683377620732,1943,Coffee Shop,2012-04-07 17:08:27+00:00,New York City,Dining and Drinking,"Cafe, Coffee, and Tea House",,,,
63,90,40.687415187557306,-73.96922528743744,2253,Flea Market,2012-04-07 18:05:57+00:00,New York City,Retail,Flea Market,,,,
64,90,40.72158048138015,-73.95763710722129,335,Brewery,2012-04-07 21:08:56+00:00,New York City,Dining and Drinking,Brewery,,,,
65,90,40.74016643521196,-73.98603031011922,9615,Gym / Fitness Center,2012-04-14 12:11:52+00:00,New York City,Sports and Recreation,Gym and Studio,,,,
66,90,40.73977169748964,-73.98540475205147,28267,Salon / Barbershop,2012-04-14 14:12:17+00:00,New York City,Business and Professional Services,Health and Beauty Service,,,,
67,90,40.734738,-74.002162,1122,Mexican Restaurant,2012-04-14 16:51:05+00:00,New York City,Dining and Drinking,Restaurant,,,,
68,90,40.740015,-73.982205,1087,Bar,2012-04-21 03:28:51+00:00,New York City,Dining and Drinking,Bar,,,,
69,90,40.731003,-73.985775,2673,Bar,2012-04-21 04:24:49+00:00,New York City,Dining and Drinking,Bar,,,,
70,90,40.74016643521196,-73.98603031011922,9615,Gym / Fitness Center,2012-04-21 13:22:42+00:00,New York City,Sports and Recreation,Gym and Studio,,,,
71,90,40.741136037741065,-73.9857892696372,2013,Coffee Shop,2012-04-21 17:16:11+00:00,New York City,Dining and Drinking,"Cafe, Coffee, and Tea House",,,,
72,90,40.721182,-74.001292,5183,Clothing Store,2012-04-21 20:15:40+00:00,New York City,Retail,Fashion Retail,,,,
73,90,40.738278841899486,-73.9893901348114,3179,Tapas Restaurant,2012-04-28 01:47:24+00:00,New York City,Dining and Drinking,Restaurant,,,,
74,90,40.74016643521196,-73.98603031011922,9615,Gym / Fitness Center,2012-04-28 18:17:40+00:00,New York City,Sports and Recreation,Gym and Studio,,,,
75,90,40.74076946713553,-73.98171449190069,1310,Beer Garden,2012-04-28 22:51:36+00:00,New York City,Dining and Drinking,Bar,,,,
76,90,40.738949,-73.989828,5280,Gym / Fitness Center,2012-08-11 14:39:11+00:00,New York City,Sports and Recreation,Gym and Studio,,,,
77,90,40.728229,-73.981989,16291,Mexican Restaurant,2012-08-11 18:08:16+00:00,New York City,Dining and Drinking,Restaurant,,,,
78,90,40.76232480057456,-73.9678144454956,1795,Department Store,2012-07-28 00:07:42+00:00,New York City,Retail,Department Store,,,,
79,90,40.742240165692216,-73.98601883200789,36757,Other Great Outdoors,2012-07-28 00:09:18+00:00,New York City,Landmarks and Outdoors,Other Great Outdoors,,,,
80,90,40.740015,-73.982205,1087,Bar,2012-07-28 04:58:32+00:00,New York City,Dining and Drinking,Bar,,,,
81,90,40.738949,-73.989828,5280,Gym / Fitness Center,2012-07-28 13:48:10+00:00,New York City,Sports and Recreation,Gym and Studio,,,,
82,90,40.7388714434338,-73.98297136918099,6919,Coffee Shop,2012-07-28 18:09:30+00:00,New York City,Dining and Drinking,"Cafe, Coffee, and Tea House",,,,
83,90,40.7292,-73.999,1248,Cuban Restaurant,2012-07-28 18:29:27+00:00,New York City,Dining and Drinking,Restaurant,,,,
84,90,40.729751,-73.9987545,6019,Bar,2012-07-28 21:07:38+00:00,New York City,Dining and Drinking,Bar,,,,
85,90,40.72939637765506,-73.98945649567615,1196,Thai Restaurant,2012-06-09 00:12:47+00:00,New York City,Dining and Drinking,Restaurant,,,,
86,90,40.73260908451682,-73.98778071406592,16602,Bar,2012-06-09 01:58:47+00:00,New York City,Dining and Drinking,Bar,,,,
87,90,40.738949,-73.989828,5280,Gym / Fitness Center,2012-06-09 14:39:01+00:00,New York City,Sports and Recreation,Gym and Studio,,,,
88,90,40.74029892315393,-73.98678302764893,3846,Coffee Shop,2012-06-09 17:01:34+00:00,New York City,Dining and Drinking,"Cafe, Coffee, and Tea House",,,,
89,90,40.7418112381317,-73.98826278972687,36092,BBQ Joint,2012-06-09 17:52:40+00:00,New York City,Dining and Drinking,Restaurant,,,,
90,90,40.77143374050618,-73.98247003555298,8697,Bar,2012-06-16 21:47:52+00:00,New York City,Dining and Drinking,Bar,,,,
91,90,40.73466222781335,-73.98840052540763,2495,Bar,2012-05-05 01:06:38+00:00,New York City,Dining and Drinking,Bar,,,,
92,90,40.739977397073,-73.99332451104736,854,Bar,2012-05-05 02:07:31+00:00,New York City,Dining and Drinking,Bar,,,,
93,90,40.74009248567552,-73.98607048350347,9615,Gym / Fitness Center,2012-05-05 13:20:28+00:00,New York City,Sports and Recreation,Gym and Studio,,,,
94,90,40.73977169748964,-73.98540475205147,28267,Salon / Barbershop,2012-05-05 15:20:11+00:00,New York City,Business and Professional Services,Health and Beauty Service,,,,
95,90,40.7388714434338,-73.98297136918099,6919,Coffee Shop,2012-05-05 17:35:59+00:00,New York City,Dining and Drinking,"Cafe, Coffee, and Tea House",,,,
96,90,40.737831,-73.981022,903,Bar,2012-05-12 02:51:47+00:00,New York City,Dining and Drinking,Bar,,,,
97,90,40.729395470403695,-73.98717237876596,17156,Bar,2012-05-12 05:24:00+00:00,New York City,Dining and Drinking,Bar,,,,
98,90,40.740015,-73.982205,1087,Bar,2012-05-12 07:11:57+00:00,New York City,Dining and Drinking,Bar,,,,
99,90,40.7388714434338,-73.98297136918099,6919,Coffee Shop,2012-05-12 15:21:11+00:00,New York City,Dining and Drinking,"Cafe, Coffee, and Tea House",,,,
100,90,40.76234841997438,-74.0035451078076,26811,General Entertainment,2012-05-12 18:26:09+00:00,New York City,Arts and Entertainment,General Entertainment,,,,
101,90,40.76107054277821,-73.99441488704251,2062,American Restaurant,2012-05-12 21:53:06+00:00,New York City,Dining and Drinking,Restaurant,,,,
102,90,40.74448892047892,-73.98093396123286,2692,BBQ Joint,2012-05-26 03:07:56+00:00,New York City,Dining and Drinking,Restaurant,,,,
103,90,40.74251160248479,-73.98034282192653,1720,Bar,2012-05-26 04:18:32+00:00,New York City,Dining and Drinking,Bar,,,,
104,90,40.740015,-73.982205,1087,Bar,2012-05-26 06:32:12+00:00,New York City,Dining and Drinking,Bar,,,,
105,90,40.731003,-73.985775,2673,Bar,2012-05-26 23:37:32+00:00,New York City,Dining and Drinking,Bar,,,,
106,90,40.741136037741065,-73.9857892696372,2013,Coffee Shop,2012-10-13 12:35:08+00:00,New York City,Dining and Drinking,"Cafe, Coffee, and Tea House",,,,
107,90,40.740015,-73.982205,1087,Bar,2012-04-08 02:06:19+00:00,New York City,Dining and Drinking,Bar,,,,
108,90,40.74016643521196,-73.98603031011922,9615,Gym / Fitness Center,2012-04-08 12:56:11+00:00,New York City,Sports and Recreation,Gym and Studio,,,,
109,90,40.74911234903996,-73.97567103570407,3858,Salad Place,2012-04-08 16:54:54+00:00,New York City,Dining and Drinking,Restaurant,,,,
110,90,40.734931,-73.983026,3291,Thai Restaurant,2012-04-15 00:20:21+00:00,New York City,Dining and Drinking,Restaurant,,,,
111,90,40.72931421039228,-73.98930154388093,1506,Bar,2012-04-15 05:11:41+00:00,New York City,Dining and Drinking,Bar,,,,
112,90,40.737920264426926,-73.98089378677447,31778,Diner,2012-04-15 16:41:35+00:00,New York City,Dining and Drinking,Restaurant,,,,
113,90,40.734757,-73.983043,1537,Pizza Place,2012-04-15 20:10:43+00:00,New York City,Dining and Drinking,Restaurant,,,,
114,90,40.740015,-73.982205,1087,Bar,2012-04-22 05:34:46+00:00,New York City,Dining and Drinking,Bar,,,,
115,90,40.73977169748964,-73.98540475205147,28267,Salon / Barbershop,2012-04-22 16:25:19+00:00,New York City,Business and Professional Services,Health and Beauty Service,,,,
116,90,40.741136037741065,-73.9857892696372,2013,Coffee Shop,2012-04-22 16:32:54+00:00,New York City,Dining and Drinking,"Cafe, Coffee, and Tea House",,,,
117,90,40.75281239893301,-73.97717474340911,31763,Electronics Store,2012-04-22 18:10:35+00:00,New York City,Retail,Computers and Electronics Retail,,,,
118,90,40.7438789760452,-73.98157101223632,694,Breakfast Spot,2012-04-22 23:42:26+00:00,New York City,Dining and Drinking,Breakfast Spot,,,,
119,90,40.7438789760452,-73.98157101223632,694,Breakfast Spot,2012-04-22 23:42:45+00:00,New York City,Dining and Drinking,Breakfast Spot,,,,
120,90,40.738478007566,-73.98219108581543,4985,Sushi Restaurant,2012-04-29 00:22:36+00:00,New York City,Dining and Drinking,Restaurant,,,,
121,90,40.74016643521196,-73.98603031011922,9615,Gym / Fitness Center,2012-04-29 13:24:58+00:00,New York City,Sports and Recreation,Gym and Studio,,,,
122,90,40.741136037741065,-73.9857892696372,2013,Coffee Shop,2012-04-29 16:13:49+00:00,New York City,Dining and Drinking,"Cafe, Coffee, and Tea House",,,,
123,90,40.738949,-73.989828,5280,Gym / Fitness Center,2012-08-05 14:52:25+00:00,New York City,Sports and Recreation,Gym and Studio,,,,
124,90,40.73977169748964,-73.98540475205147,28267,Salon / Barbershop,2012-08-12 18:48:27+00:00,New York City,Business and Professional Services,Health and Beauty Service,,,,
125,90,40.752294,-74.008758,126,Bar,2012-08-12 21:26:18+00:00,New York City,Dining and Drinking,Bar,,,,
126,90,40.74203392888001,-73.98993663489819,26010,Beer Garden,2012-08-12 23:58:05+00:00,New York City,Dining and Drinking,Bar,,,,
127,90,40.750576116091054,-73.97616462044513,4540,Bar,2012-07-29 03:54:49+00:00,New York City,Dining and Drinking,Bar,,,,
128,90,40.740015,-73.982205,1087,Bar,2012-07-29 06:17:07+00:00,New York City,Dining and Drinking,Bar,,,,
129,90,40.738949,-73.989828,5280,Gym / Fitness Center,2012-07-29 14:28:56+00:00,New York City,Sports and Recreation,Gym and Studio,,,,
130,90,40.741128,-73.989902,2636,Bar,2012-07-29 17:42:26+00:00,New York City,Dining and Drinking,Juice Bar,,,,
131,90,40.73977169748964,-73.98540475205147,28267,Salon / Barbershop,2012-07-29 19:00:37+00:00,New York City,Business and Professional Services,Health and Beauty Service,,,,
132,90,40.74536761201321,-73.97914332007753,8650,Bar,2012-07-29 20:29:10+00:00,New York City,Dining and Drinking,Bar,,,,
133,90,40.738478007566,-73.98219108581543,4985,Sushi Restaurant,2012-07-29 23:31:56+00:00,New York City,Dining and Drinking,Restaurant,,,,
134,90,40.738949,-73.989828,5280,Gym / Fitness Center,2012-06-10 13:30:13+00:00,New York City,Sports and Recreation,Gym and Studio,,,,
135,90,40.741136037741065,-73.9857892696372,2013,Coffee Shop,2012-06-10 15:43:52+00:00,New York City,Dining and Drinking,"Cafe, Coffee, and Tea House",,,,
136,90,40.7418112381317,-73.98826278972687,36092,BBQ Joint,2012-06-10 18:46:58+00:00,New York City,Dining and Drinking,Restaurant,,,,
137,90,40.73771556288177,-73.98822261680137,390,Seafood Restaurant,2012-06-10 21:22:26+00:00,New York City,Dining and Drinking,Restaurant,,,,
138,90,40.74618839286139,-73.98157101223633,2531,Gym / Fitness Center,2012-06-10 22:53:19+00:00,New York City,Sports and Recreation,Gym and Studio,,,,
139,90,40.743313,-73.97992594014012,1234,Bar,2012-06-17 00:48:02+00:00,New York City,Dining and Drinking,Bar,,,,
140,90,40.740015,-73.982205,1087,Bar,2012-06-17 02:53:07+00:00,New York City,Dining and Drinking,Bar,,,,
141,90,40.737920264426926,-73.98089378677447,31778,Diner,2012-06-17 08:25:43+00:00,New York City,Dining and Drinking,Restaurant,,,,
142,90,40.741136037741065,-73.9857892696372,2013,Coffee Shop,2012-06-17 17:13:49+00:00,New York City,Dining and Drinking,"Cafe, Coffee, and Tea House",,,,
143,90,40.75274100802376,-73.97330797224723,24777,German Restaurant,2012-05-13 00:01:52+00:00,New York City,Dining and Drinking,Restaurant,,,,
144,90,40.755998370536446,-73.9677333304998,17813,Bar,2012-05-13 03:46:09+00:00,New York City,Dining and Drinking,Bar,,,,
145,90,40.75636365544851,-73.96763575725062,4,Bar,2012-05-13 05:20:21+00:00,New York City,Dining and Drinking,Bar,,,,
146,90,40.740015,-73.982205,1087,Bar,2012-05-13 08:01:28+00:00,New York City,Dining and Drinking,Bar,,,,
147,90,40.74434084563527,-73.99042637629252,2098,BBQ Joint,2012-05-13 16:41:52+00:00,New York City,Dining and Drinking,Restaurant,,,,
148,90,40.74706188749892,-74.00519371032715,965,Park,2012-05-13 17:49:08+00:00,New York City,Landmarks and Outdoors,Park,,,,
149,90,40.74018614201558,-74.00571426030355,7006,Burger Joint,2012-05-13 18:20:03+00:00,New York City,Dining and Drinking,Restaurant,,,,
150,90,40.721182,-74.001292,5183,Clothing Store,2012-05-13 18:49:41+00:00,New York City,Retail,Fashion Retail,,,,
151,90,40.74218830848454,-73.98792418909154,902,Park,2012-05-13 21:24:52+00:00,New York City,Landmarks and Outdoors,Park,,,,
152,90,40.741904376575214,-73.98906826972961,21412,Coffee Shop,2012-05-27 17:42:11+00:00,New York City,Dining and Drinking,"Cafe, Coffee, and Tea House",,,,
153,90,40.741136037741065,-73.9857892696372,2013,Coffee Shop,2012-05-27 19:43:42+00:00,New York City,Dining and Drinking,"Cafe, Coffee, and Tea House",,,,
154,90,40.70443641202592,-74.01012361049652,1035,Bar,2012-05-27 20:36:53+00:00,New York City,Dining and Drinking,Bar,,,,
155,90,40.78782018739577,-73.79104614257812,37651,Other Great Outdoors,2012-10-28 21:18:42+00:00,New York City,Landmarks and Outdoors,Other Great Outdoors,,,,
156,90,40.741477,-73.981116,3280,Sushi Restaurant,2012-04-05 00:05:51+00:00,New York City,Dining and Drinking,Restaurant,,,,
157,90,40.74173545456947,-73.98115779020442,2716,Bar,2012-04-12 01:59:11+00:00,New York City,Dining and Drinking,Bar,,,,
158,90,40.75842406986988,-73.97068977355957,24479,Sandwich Place,2012-04-12 17:12:09+00:00,New York City,Dining and Drinking,Restaurant,,,,
159,90,40.74587725024453,-73.99174632428418,4852,Gym / Fitness Center,2012-04-12 22:13:48+00:00,New York City,Sports and Recreation,Gym and Studio,,,,
160,90,40.74911234903996,-73.97567103570407,3858,Salad Place,2012-04-19 00:12:04+00:00,New York City,Dining and Drinking,Restaurant,,,,
161,90,40.755404,-73.979639,7917,Coffee Shop,2012-04-19 13:26:08+00:00,New York City,Dining and Drinking,"Cafe, Coffee, and Tea House",,,,
162,90,40.74676529747044,-73.99594140301738,23738,Gym / Fitness Center,2012-04-19 22:41:01+00:00,New York City,Sports and Recreation,Gym and Studio,,,,
163,90,40.75557768724385,-73.97818048527262,29898,Coffee Shop,2012-04-26 14:29:49+00:00,New York City,Dining and Drinking,"Cafe, Coffee, and Tea House",,,,
164,90,40.75657883657027,-73.9782422539577,11169,Coffee Shop,2012-08-09 13:26:20+00:00,New York City,Dining and Drinking,"Cafe, Coffee, and Tea House",,,,
165,90,40.75557768724385,-73.97818048527262,29898,Coffee Shop,2012-08-09 17:30:32+00:00,New York City,Dining and Drinking,"Cafe, Coffee, and Tea House",,,,
166,90,40.7455215853043,-73.97801756858826,326,American Restaurant,2012-08-09 23:17:07+00:00,New York City,Dining and Drinking,Restaurant,,,,
167,90,40.76826484861582,-73.9824378490448,3877,Food Truck,2012-08-16 18:40:02+00:00,New York City,Dining and Drinking,Food Truck,,,,
168,90,40.74103559366933,-73.98910641922008,36965,General Entertainment,2012-08-16 23:00:06+00:00,New York City,Arts and Entertainment,General Entertainment,,,,
169,90,40.74618839286139,-73.98157101223633,2531,Gym / Fitness Center,2012-07-26 22:38:56+00:00,New York City,Sports and Recreation,Gym and Studio,,,,
170,90,40.74536761201321,-73.97914332007753,8650,Bar,2012-07-26 22:57:36+00:00,New York City,Dining and Drinking,Bar,,,,
171,90,40.75274100802376,-73.97330797224723,24777,German Restaurant,2012-06-07 22:42:04+00:00,New York City,Dining and Drinking,Restaurant,,,,
172,90,40.75440977331381,-73.96574167850812,10512,Greek Restaurant,2012-06-14 00:09:35+00:00,New York City,Dining and Drinking,Restaurant,,,,
173,90,40.754562,-73.968761,3566,Mediterranean Restaurant,2012-06-14 00:24:13+00:00,New York City,Dining and Drinking,Restaurant,,,,
174,90,40.75557768724385,-73.97818048527262,29898,Coffee Shop,2012-05-03 13:40:26+00:00,New York City,Dining and Drinking,"Cafe, Coffee, and Tea House",,,,
175,90,40.75985680025527,-73.98247780191426,6457,Seafood Restaurant,2012-05-03 16:39:03+00:00,New York City,Dining and Drinking,Restaurant,,,,
176,90,40.755312350357976,-73.98122092140568,11135,Gym / Fitness Center,2012-05-03 22:02:20+00:00,New York City,Sports and Recreation,Gym and Studio,,,,
177,90,40.721294,-73.983994,892,Breakfast Spot,2012-05-10 17:27:14+00:00,New York City,Dining and Drinking,Breakfast Spot,,,,
178,90,40.74911234903996,-73.97567103570407,3858,Salad Place,2012-05-10 23:20:14+00:00,New York City,Dining and Drinking,Restaurant,,,,
179,90,40.755404,-73.979639,7917,Coffee Shop,2012-05-17 12:55:27+00:00,New York City,Dining and Drinking,"Cafe, Coffee, and Tea House",,,,
180,90,40.733373,-73.999037,9059,Spa / Massage,2012-05-17 22:31:09+00:00,New York City,Business and Professional Services,Health and Beauty Service,,,,
181,90,40.7340351896831,-73.99940184345526,3141,Drugstore / Pharmacy,2012-05-17 23:16:26+00:00,New York City,Retail,Pharmacy,,,,
182,90,40.73977169748964,-73.98540475205147,28267,Salon / Barbershop,2012-05-24 01:39:31+00:00,New York City,Business and Professional Services,Health and Beauty Service,,,,
183,90,40.75400242666037,-73.98013047046975,3255,Gym / Fitness Center,2012-10-11 16:54:30+00:00,New York City,Sports and Recreation,Gym and Studio,,,,
184,90,40.75231,-73.975419,1330,Gym / Fitness Center,2012-10-11 23:03:08+00:00,New York City,Sports and Recreation,Gym and Studio,,,,
185,90,40.755312350357976,-73.98122092140568,11135,Gym / Fitness Center,2012-04-03 22:21:31+00:00,New York City,Sports and Recreation,Gym and Studio,,,,
186,90,40.755312350357976,-73.98122092140568,11135,Gym / Fitness Center,2012-04-10 17:59:34+00:00,New York City,Sports and Recreation,Gym and Studio,,,,
187,90,40.74676529747044,-73.99594140301738,23738,Gym / Fitness Center,2012-04-10 22:46:59+00:00,New York City,Sports and Recreation,Gym and Studio,,,,
188,90,40.75463570120792,-73.98010177430896,5266,Electronics Store,2012-04-17 13:20:23+00:00,New York City,Retail,Computers and Electronics Retail,,,,
189,90,40.75645754434586,-73.97958524268209,34218,Vegetarian / Vegan Restaurant,2012-04-17 16:35:51+00:00,New York City,Dining and Drinking,Restaurant,,,,
190,90,40.74587725024453,-73.99174632428418,4852,Gym / Fitness Center,2012-04-17 21:54:15+00:00,New York City,Sports and Recreation,Gym and Studio,,,,
191,90,40.75557768724385,-73.97818048527262,29898,Coffee Shop,2012-04-24 13:23:20+00:00,New York City,Dining and Drinking,"Cafe, Coffee, and Tea House",,,,
192,90,40.75512736513976,-73.97889079241885,8594,American Restaurant,2012-04-24 16:13:31+00:00,New York City,Dining and Drinking,Restaurant,,,,
193,90,40.75231,-73.975419,1330,Gym / Fitness Center,2012-08-14 11:44:20+00:00,New York City,Sports and Recreation,Gym and Studio,,,,
194,90,40.75557768724385,-73.97818048527262,29898,Coffee Shop,2012-08-14 13:25:25+00:00,New York City,Dining and Drinking,"Cafe, Coffee, and Tea House",,,,
195,90,40.756435304366256,-73.97762814915096,9061,Deli / Bodega,2012-08-14 17:10:21+00:00,New York City,Dining and Drinking,Restaurant,,,,
196,90,40.755404,-73.979639,7917,Coffee Shop,2012-08-14 20:34:08+00:00,New York City,Dining and Drinking,"Cafe, Coffee, and Tea House",,,,
197,90,40.75231,-73.975419,1330,Gym / Fitness Center,2012-08-14 23:01:16+00:00,New York City,Sports and Recreation,Gym and Studio,,,,
198,90,40.74911234903996,-73.97567103570407,3858,Salad Place,2012-06-12 00:56:00+00:00,New York City,Dining and Drinking,Restaurant,,,,
199,90,40.75657883657027,-73.9782422539577,11169,Coffee Shop,2012-06-12 20:40:41+00:00,New York City,Dining and Drinking,"Cafe, Coffee, and Tea House",,,,
200,90,40.75231,-73.975419,1330,Gym / Fitness Center,2012-06-12 22:53:32+00:00,New York City,Sports and Recreation,Gym and Studio,,,,
201,90,40.75557768724385,-73.97818048527262,29898,Coffee Shop,2012-05-08 13:46:00+00:00,New York City,Dining and Drinking,"Cafe, Coffee, and Tea House",,,,
202,90,40.755312350357976,-73.98122092140568,11135,Gym / Fitness Center,2012-05-08 16:55:31+00:00,New York City,Sports and Recreation,Gym and Studio,,,,
203,90,40.738478007566,-73.98219108581543,4985,Sushi Restaurant,2012-05-08 23:46:45+00:00,New York City,Dining and Drinking,Restaurant,,,,
204,90,40.740861,-73.987365,9380,Sandwich Place,2012-05-15 00:44:51+00:00,New York City,Dining and Drinking,Restaurant,,,,
205,90,40.74911234903996,-73.97567103570407,3858,Salad Place,2012-05-15 23:43:09+00:00,New York City,Dining and Drinking,Restaurant,,,,
206,90,40.75557768724385,-73.97818048527262,29898,Coffee Shop,2012-05-22 13:47:20+00:00,New York City,Dining and Drinking,"Cafe, Coffee, and Tea House",,,,
207,90,40.75557768724385,-73.97818048527262,29898,Coffee Shop,2012-05-29 12:58:38+00:00,New York City,Dining and Drinking,"Cafe, Coffee, and Tea House",,,,
208,90,40.75949219107826,-73.97947045768765,8830,Salad Place,2012-05-29 17:52:02+00:00,New York City,Dining and Drinking,Restaurant,,,,
209,90,40.75557768724385,-73.97818048527262,29898,Coffee Shop,2012-04-04 18:43:22+00:00,New York City,Dining and Drinking,"Cafe, Coffee, and Tea House",,,,
210,90,40.75557768724385,-73.97818048527262,29898,Coffee Shop,2012-04-11 13:41:45+00:00,New York City,Dining and Drinking,"Cafe, Coffee, and Tea House",,,,
211,90,40.755312350357976,-73.98122092140568,11135,Gym / Fitness Center,2012-04-11 16:52:17+00:00,New York City,Sports and Recreation,Gym and Studio,,,,
212,90,40.75527487548953,-73.97880613803864,4501,Restaurant,2012-04-11 17:56:41+00:00,New York City,Dining and Drinking,Restaurant,,,,
213,90,40.755404,-73.979639,7917,Coffee Shop,2012-04-18 12:54:13+00:00,New York City,Dining and Drinking,"Cafe, Coffee, and Tea House",,,,
214,90,40.75604297485175,-73.98108318057619,5596,Mexican Restaurant,2012-04-18 16:28:39+00:00,New York City,Dining and Drinking,Restaurant,,,,
215,90,40.755312350357976,-73.98122092140568,11135,Gym / Fitness Center,2012-04-18 22:14:54+00:00,New York City,Sports and Recreation,Gym and Studio,,,,
216,90,40.738478007566,-73.98219108581543,4985,Sushi Restaurant,2012-06-13 01:27:48+00:00,New York City,Dining and Drinking,Restaurant,,,,
217,90,40.75557768724385,-73.97818048527262,29898,Coffee Shop,2012-06-13 13:30:58+00:00,New York City,Dining and Drinking,"Cafe, Coffee, and Tea House",,,,
218,90,40.754263,-73.980316,3255,Gym / Fitness Center,2012-06-13 16:52:17+00:00,New York City,Sports and Recreation,Gym and Studio,,,,
219,90,40.75527487548953,-73.97880613803864,4501,Restaurant,2012-06-13 17:38:48+00:00,New York City,Dining and Drinking,Restaurant,,,,
220,90,40.75231,-73.975419,1330,Gym / Fitness Center,2012-06-13 22:29:01+00:00,New York City,Sports and Recreation,Gym and Studio,,,,
221,90,40.745266,-73.978337,1456,Greek Restaurant,2012-05-02 00:25:09+00:00,New York City,Dining and Drinking,Restaurant,,,,
222,90,40.75557768724385,-73.97818048527262,29898,Coffee Shop,2012-05-09 13:35:01+00:00,New York City,Dining and Drinking,"Cafe, Coffee, and Tea House",,,,
223,90,40.755312350357976,-73.98122092140568,11135,Gym / Fitness Center,2012-05-09 17:02:02+00:00,New York City,Sports and Recreation,Gym and Studio,,,,
224,90,40.74009248567552,-73.98607048350347,9615,Gym / Fitness Center,2012-05-16 00:46:32+00:00,New York City,Sports and Recreation,Gym and Studio,,,,
225,90,40.755404,-73.979639,7917,Coffee Shop,2012-05-16 13:41:18+00:00,New York City,Dining and Drinking,"Cafe, Coffee, and Tea House",,,,
226,90,40.75353217770949,-73.98182353637398,3885,Bar,2012-05-16 16:25:40+00:00,New York City,Dining and Drinking,Juice Bar,,,,
227,90,40.755312350357976,-73.98122092140568,11135,Gym / Fitness Center,2012-05-23 16:45:54+00:00,New York City,Sports and Recreation,Gym and Studio,,,,
228,90,40.754525,-73.977265,24263,Mediterranean Restaurant,2012-05-23 18:04:30+00:00,New York City,Dining and Drinking,Restaurant,,,,
229,90,40.73977169748964,-73.98540475205147,28267,Salon / Barbershop,2012-05-30 00:40:13+00:00,New York City,Business and Professional Services,Health and Beauty Service,,,,
230,90,40.73764699457167,-73.98097987488929,27661,Cemetery,2012-11-01 18:00:09+00:00,,Community and Government,Cemetery,2.0,0.0,nyc,Rec
231,90,40.72556065016895,-73.9898237883206,31965,Coffee Shop,2012-11-05 18:00:09+00:00,,Dining and Drinking,"Cafe, Coffee, and Tea House",6.0,0.0,nyc,Rec
232,90,40.75377861076244,-73.99197445110599,3562,Performing Arts Venue,2012-11-05 18:00:09+00:00,,Sports and Recreation,Gym and Studio,6.0,0.0,nyc,Rec
233,90,40.74950824192847,-73.99004760693109,33345,Gym / Fitness Center,2012-11-05 18:00:09+00:00,,Sports and Recreation,Gym and Studio,6.0,0.0,nyc,Rec
234,90,40.745901560214506,-73.98814227092512,5949,Coffee Shop,2012-11-06 18:00:09+00:00,,Dining and Drinking,"Cafe, Coffee, and Tea House",7.0,1.0,nyc,Rec
235,90,40.74583423860072,-73.99327860034312,3561,Performing Arts Venue,2012-11-07 18:00:09+00:00,,Sports and Recreation,Gym and Studio,8.0,1.0,nyc,Rec
236,90,40.745716,-73.993577,19458,Hotel,2012-11-11 18:00:09+00:00,,Dining and Drinking,Bar,12.0,1.0,nyc,Rec
237,90,40.738949,-73.989828,5280,Gym / Fitness Center,2012-11-11 18:00:09+00:00,,Sports and Recreation,Gym and Studio,12.0,1.0,nyc,Rec
238,90,40.76271587683453,-73.98763664066797,1703,Burrito Place,2012-11-12 18:00:09+00:00,,Dining and Drinking,Restaurant,13.0,1.0,nyc,Rec
239,90,40.7595730799586,-73.98524405790694,10737,Coffee Shop,2012-11-12 18:00:09+00:00,,Dining and Drinking,"Cafe, Coffee, and Tea House",13.0,1.0,nyc,Rec
240,90,40.759220487652186,-73.98880004882812,35300,Mexican Restaurant,2012-11-13 18:00:09+00:00,,Dining and Drinking,Restaurant,14.0,2.0,nyc,Rec
241,90,40.73289,-73.99,2382,Gym / Fitness Center,2012-11-13 18:00:09+00:00,,Sports and Recreation,Gym and Studio,14.0,2.0,nyc,Rec
242,90,40.73001497344702,-73.99150371551514,2732,Coffee Shop,2012-11-13 18:00:09+00:00,,Dining and Drinking,"Cafe, Coffee, and Tea House",14.0,2.0,nyc,Rec
243,90,40.72617632455752,-73.9915626798901,6171,Hotel,2012-11-16 18:00:09+00:00,,Travel and Transportation,Lodging,17.0,2.0,nyc,Rec
244,90,40.726057,-73.991733,2008,Hotel,2012-11-16 18:00:09+00:00,,Dining and Drinking,Bar,17.0,2.0,nyc,Rec
245,90,40.723614,-73.988052,97,Tattoo Parlor,2012-11-16 18:00:09+00:00,,Business and Professional Services,Health and Beauty Service,17.0,2.0,nyc,Rec
246,90,40.74611901545656,-73.99307012557983,31835,Gym / Fitness Center,2012-11-16 18:00:09+00:00,,Sports and Recreation,Gym and Studio,17.0,2.0,nyc,Rec
247,90,40.74140750304299,-73.98843795061111,950,Burger Joint,2012-11-17 18:00:09+00:00,,Dining and Drinking,Restaurant,18.0,2.0,nyc,Rec
248,90,40.738949,-73.989828,5280,Gym / Fitness Center,2012-11-17 18:00:09+00:00,,Sports and Recreation,Gym and Studio,18.0,2.0,nyc,Rec
249,90,40.745901560214506,-73.98814227092512,5949,Coffee Shop,2012-11-28 18:00:09+00:00,,Dining and Drinking,"Cafe, Coffee, and Tea House",29.0,4.0,nyc,Rec
250,90,40.74140750304299,-73.98843795061111,950,Burger Joint,2012-11-29 18:00:09+00:00,,Dining and Drinking,Restaurant,30.0,4.0,nyc,Rec
251,90,40.752294,-74.008758,126,Bar,2012-11-29 18:00:09+00:00,,Dining and Drinking,Bar,30.0,4.0,nyc,Rec
252,90,40.76421262848506,-73.9870174251268,21988,Bar,2012-12-01 18:00:09+00:00,,Dining and Drinking,Bar,32.0,4.0,nyc,Rec
253,90,40.7636462551771,-73.98938762822706,6534,Bar,2012-12-01 18:00:09+00:00,,Dining and Drinking,Bar,32.0,4.0,nyc,Rec
254,90,40.76000064275873,-73.99648189544678,31717,Bar,2012-12-01 18:00:09+00:00,,Dining and Drinking,Bar,32.0,4.0,nyc,Rec
255,90,40.740727951827786,-74.00861104297583,1013,Bar,2012-12-01 18:00:09+00:00,,Dining and Drinking,Bar,32.0,4.0,nyc,Rec
256,90,40.72706973142783,-73.99190604686737,216,Bar,2012-12-01 18:00:09+00:00,,Dining and Drinking,Bar,32.0,4.0,nyc,Rec
257,90,40.72670446465114,-73.99214804578325,21601,Gym / Fitness Center,2012-12-01 18:00:09+00:00,,Sports and Recreation,Gym and Studio,32.0,4.0,nyc,Rec
258,90,40.72421063875112,-73.99553968946574,5599,Library,2012-12-01 18:00:09+00:00,,Community and Government,Library,32.0,4.0,nyc,Rec
259,90,40.74421527986642,-73.9885380368106,1643,Bar,2012-12-03 18:00:09+00:00,,Dining and Drinking,Bar,34.0,4.0,nyc,Rec
260,90,40.74434084563527,-73.99042637629252,2098,BBQ Joint,2012-12-04 18:00:09+00:00,,Dining and Drinking,Restaurant,35.0,5.0,nyc,Rec
261,90,40.75503606545005,-73.98651239017553,2776,Coffee Shop,2012-12-04 18:00:09+00:00,,Dining and Drinking,"Cafe, Coffee, and Tea House",35.0,5.0,nyc,Rec
262,90,40.74611901545656,-73.99307012557983,31835,Gym / Fitness Center,2012-12-05 18:00:09+00:00,,Sports and Recreation,Gym and Studio,36.0,5.0,nyc,Rec
263,90,40.72795460840525,-73.99326138382618,31230,Coffee Shop,2012-12-05 18:00:09+00:00,,Dining and Drinking,"Cafe, Coffee, and Tea House",36.0,5.0,nyc,Rec
264,90,40.75377861076244,-73.99197445110599,3562,Performing Arts Venue,2012-12-06 18:00:09+00:00,,Sports and Recreation,Gym and Studio,37.0,5.0,nyc,Rec
265,90,40.73709857380555,-73.99039768167009,3849,Coffee Shop,2012-12-06 18:00:09+00:00,,Dining and Drinking,"Cafe, Coffee, and Tea House",37.0,5.0,nyc,Rec
266,90,40.73653170754329,-73.9908281005557,275,Diner,2012-12-07 18:00:09+00:00,,Dining and Drinking,Restaurant,38.0,5.0,nyc,Rec
267,90,40.73709857380555,-73.99039768167009,3849,Coffee Shop,2012-12-07 18:00:09+00:00,,Dining and Drinking,"Cafe, Coffee, and Tea House",38.0,5.0,nyc,Rec
268,90,40.738949,-73.989828,5280,Gym / Fitness Center,2012-12-07 18:00:09+00:00,,Sports and Recreation,Gym and Studio,38.0,5.0,nyc,Rec
269,90,40.734269,-73.990084,7961,Electronics Store,2012-12-08 18:00:09+00:00,,Retail,Computers and Electronics Retail,39.0,5.0,nyc,Rec
270,90,40.738045391646665,-73.99015090774017,34794,Gym / Fitness Center,2012-12-08 18:00:09+00:00,,Sports and Recreation,Gym and Studio,39.0,5.0,nyc,Rec
271,90,40.744044646949455,-73.98373696088365,1950,Coffee Shop,2012-12-08 18:00:09+00:00,,Dining and Drinking,"Cafe, Coffee, and Tea House",39.0,5.0,nyc,Rec
272,90,40.74422471878332,-73.98403884753738,35239,Bar,2012-12-09 18:00:09+00:00,,Dining and Drinking,Bar,40.0,5.0,nyc,Rec
273,90,40.76000064275873,-73.99648189544678,31717,Bar,2012-12-09 18:00:09+00:00,,Dining and Drinking,Bar,40.0,5.0,nyc,Rec
274,90,40.67956402987482,-73.98416519165039,4141,Gym / Fitness Center,2012-12-09 18:00:09+00:00,,Sports and Recreation,Gym and Studio,40.0,5.0,nyc,Rec
275,90,40.74140750304299,-73.98843795061111,950,Burger Joint,2012-12-09 18:00:09+00:00,,Dining and Drinking,Restaurant,40.0,5.0,nyc,Rec
276,90,40.74203392888001,-73.98993663489819,26010,Beer Garden,2012-12-11 18:00:09+00:00,,Dining and Drinking,Bar,42.0,6.0,nyc,Rec
277,90,40.73512485197505,-73.99009925734258,3495,Coffee Shop,2012-12-11 18:00:09+00:00,,Dining and Drinking,"Cafe, Coffee, and Tea House",42.0,6.0,nyc,Rec
278,90,40.759220487652186,-73.98880004882812,35300,Mexican Restaurant,2012-12-12 18:00:09+00:00,,Dining and Drinking,Restaurant,43.0,6.0,nyc,Rec
279,90,40.75816510418584,-73.98926137117284,6734,Coffee Shop,2012-12-12 18:00:09+00:00,,Dining and Drinking,"Cafe, Coffee, and Tea House",43.0,6.0,nyc,Rec
280,90,40.76164249465777,-73.9841880644695,4467,Gym / Fitness Center,2012-12-12 18:00:09+00:00,,Sports and Recreation,Gym and Studio,43.0,6.0,nyc,Rec
281,90,40.76087830630891,-73.98654699325562,26334,Bar,2012-12-13 18:00:09+00:00,,Dining and Drinking,Bar,44.0,6.0,nyc,Rec
282,90,40.760883374098434,-73.98500875552415,2859,Gym / Fitness Center,2012-12-14 18:00:09+00:00,,Sports and Recreation,Gym and Studio,45.0,6.0,nyc,Rec
283,90,40.72795460840525,-73.99326138382618,31230,Coffee Shop,2012-12-14 18:00:09+00:00,,Dining and Drinking,"Cafe, Coffee, and Tea House",45.0,6.0,nyc,Rec
284,90,40.744044646949455,-73.98373696088365,1950,Coffee Shop,2012-12-15 18:00:09+00:00,,Dining and Drinking,"Cafe, Coffee, and Tea House",46.0,6.0,nyc,Rec
285,90,40.73135921017248,-73.9886415626111,1804,Bar,2012-12-15 18:00:09+00:00,,Dining and Drinking,Bar,46.0,6.0,nyc,Rec
286,90,40.731844250688674,-73.98386478424072,2238,Pizza Place,2012-12-16 18:00:09+00:00,,Dining and Drinking,Restaurant,47.0,6.0,nyc,Rec
287,90,40.73682775975944,-73.99064540863037,344,Ramen /  Noodle House,2012-12-16 18:00:09+00:00,,Dining and Drinking,Restaurant,47.0,6.0,nyc,Rec
288,90,40.73709857380555,-73.99039768167009,3849,Coffee Shop,2012-12-27 18:00:09+00:00,,Dining and Drinking,"Cafe, Coffee, and Tea House",58.0,8.0,nyc,Rec
289,90,40.73649425404792,-73.99046080983373,1815,Clothing Store,2012-12-27 18:00:09+00:00,,Retail,Fashion Retail,58.0,8.0,nyc,Rec
290,90,40.73709857380555,-73.99039768167009,3849,Coffee Shop,2012-12-28 18:00:09+00:00,,Dining and Drinking,"Cafe, Coffee, and Tea House",59.0,8.0,nyc,Rec
291,90,40.75377861076244,-73.99197445110599,3562,Performing Arts Venue,2012-12-29 18:00:09+00:00,,Sports and Recreation,Gym and Studio,60.0,8.0,nyc,Rec
292,90,40.73996474170625,-73.99483381932856,22940,Department Store,2012-12-29 18:00:09+00:00,,Retail,Department Store,60.0,8.0,nyc,Rec
293,90,40.73512485197505,-73.99009925734258,3495,Coffee Shop,2012-12-30 18:00:09+00:00,,Dining and Drinking,"Cafe, Coffee, and Tea House",61.0,8.0,nyc,Rec
294,90,40.78434697508766,-73.97953932869252,5643,Gym / Fitness Center,2012-12-31 18:00:09+00:00,,Sports and Recreation,Gym and Studio,62.0,8.0,nyc,Rec
295,90,40.7827998810992,-73.9734148979187,262,Latin American Restaurant,2013-01-01 18:00:09+00:00,,Dining and Drinking,Restaurant,63.0,9.0,nyc,Rec
296,90,40.740727951827786,-74.00861104297583,1013,Bar,2013-01-01 18:00:09+00:00,,Dining and Drinking,Bar,63.0,9.0,nyc,Rec
297,90,40.72556065016895,-73.9898237883206,31965,Coffee Shop,2013-01-02 18:00:09+00:00,,Dining and Drinking,"Cafe, Coffee, and Tea House",64.0,9.0,nyc,Rec
298,90,40.731155872068506,-73.98872764725327,2196,American Restaurant,2013-01-03 18:00:09+00:00,,Dining and Drinking,Restaurant,65.0,9.0,nyc,Rec
299,90,40.73105527532634,-73.98871043032793,35047,Japanese Restaurant,2013-01-03 18:00:09+00:00,,Dining and Drinking,Restaurant,65.0,9.0,nyc,Rec
300,90,40.72800542208163,-73.99348519842566,22653,Gym / Fitness Center,2013-01-03 18:00:09+00:00,,Sports and Recreation,Gym and Studio,65.0,9.0,nyc,Rec
301,90,40.729395470403695,-73.98717237876596,17156,Bar,2013-01-05 18:00:09+00:00,,Dining and Drinking,Bar,67.0,9.0,nyc,Rec
302,90,40.7405579801227,-74.00777996246534,5015,Beer Garden,2013-01-05 18:00:09+00:00,,Dining and Drinking,Bar,67.0,9.0,nyc,Rec
303,90,40.774697291507216,-73.98194979831837,2817,Movie Theater,2013-01-05 18:00:09+00:00,,Arts and Entertainment,Movie Theater,67.0,9.0,nyc,Rec
304,90,40.7418112381317,-73.98826278972687,36092,BBQ Joint,2013-01-05 18:00:09+00:00,,Dining and Drinking,Restaurant,67.0,9.0,nyc,Rec
305,90,40.74689526022255,-73.98500740528107,7810,Sushi Restaurant,2013-01-06 18:00:09+00:00,,Dining and Drinking,Restaurant,68.0,9.0,nyc,Rec
306,90,40.743313,-73.97992594014012,1234,Bar,2013-01-06 18:00:09+00:00,,Dining and Drinking,Bar,68.0,9.0,nyc,Rec
307,90,40.73757,-74.0017,2530,Gym / Fitness Center,2013-01-06 18:00:09+00:00,,Sports and Recreation,Gym and Studio,68.0,9.0,nyc,Rec
308,90,40.77912606570555,-73.95490489457822,18341,Burger Joint,2013-01-06 18:00:09+00:00,,Dining and Drinking,Restaurant,68.0,9.0,nyc,Rec
309,90,40.78285517060552,-73.95284996968618,21963,Gym / Fitness Center,2013-01-07 18:00:09+00:00,,Sports and Recreation,Gym and Studio,69.0,9.0,nyc,Rec
310,90,40.7226384919777,-73.99800160642802,2876,Coffee Shop,2013-01-07 18:00:09+00:00,,Dining and Drinking,"Cafe, Coffee, and Tea House",69.0,9.0,nyc,Rec
311,90,40.75503606545005,-73.98651239017553,2776,Coffee Shop,2013-01-07 18:00:09+00:00,,Dining and Drinking,"Cafe, Coffee, and Tea House",69.0,9.0,nyc,Rec
312,90,40.74140750304299,-73.98843795061111,950,Burger Joint,2013-01-07 18:00:09+00:00,,Dining and Drinking,Restaurant,69.0,9.0,nyc,Rec
313,90,40.78434697508766,-73.97953932869252,5643,Gym / Fitness Center,2013-01-07 18:00:09+00:00,,Sports and Recreation,Gym and Studio,69.0,9.0,nyc,Rec
314,90,40.779009,-73.98186652,18726,Electronics Store,2013-01-08 18:00:09+00:00,,Retail,Computers and Electronics Retail,70.0,10.0,nyc,Rec
315,90,40.75845677498381,-73.98914046612941,18884,Burger Joint,2013-01-10 18:00:09+00:00,,Dining and Drinking,Restaurant,72.0,10.0,nyc,Rec
316,90,40.76164249465777,-73.9841880644695,4467,Gym / Fitness Center,2013-01-12 18:00:09+00:00,,Sports and Recreation,Gym and Studio,74.0,10.0,nyc,Rec
317,90,40.75696123684052,-73.98907363414764,2953,BBQ Joint,2013-01-12 18:00:09+00:00,,Dining and Drinking,Restaurant,74.0,10.0,nyc,Rec
318,90,40.729395470403695,-73.98717237876596,17156,Bar,2013-01-13 18:00:09+00:00,,Dining and Drinking,Bar,75.0,10.0,nyc,Rec
319,90,40.7292064868088,-73.9872355079905,4973,Coffee Shop,2013-01-13 18:00:09+00:00,,Dining and Drinking,"Cafe, Coffee, and Tea House",75.0,10.0,nyc,Rec
320,90,40.73709857380555,-73.99039768167009,3849,Coffee Shop,2013-01-14 18:00:09+00:00,,Dining and Drinking,"Cafe, Coffee, and Tea House",76.0,10.0,nyc,Rec
321,90,40.738722338632336,-73.99166024099635,9185,Clothing Store,2013-01-15 18:00:09+00:00,,Retail,Fashion Retail,77.0,11.0,nyc,Rec
322,90,40.74959782183326,-73.98746967315674,3236,Clothing Store,2013-01-15 18:00:09+00:00,,Retail,Fashion Retail,77.0,11.0,nyc,Rec
323,90,40.744044646949455,-73.98373696088365,1950,Coffee Shop,2013-01-16 18:00:09+00:00,,Dining and Drinking,"Cafe, Coffee, and Tea House",78.0,11.0,nyc,Rec
324,90,40.73512485197505,-73.99009925734258,3495,Coffee Shop,2013-01-17 18:00:09+00:00,,Dining and Drinking,"Cafe, Coffee, and Tea House",79.0,11.0,nyc,Rec
325,90,40.744044646949455,-73.98373696088365,1950,Coffee Shop,2013-01-17 18:00:09+00:00,,Dining and Drinking,"Cafe, Coffee, and Tea House",79.0,11.0,nyc,Rec
326,90,40.74422471878332,-73.98403884753738,35239,Bar,2013-01-18 18:00:09+00:00,,Dining and Drinking,Bar,80.0,11.0,nyc,Rec
327,90,40.744044646949455,-73.98373696088365,1950,Coffee Shop,2013-01-24 18:00:09+00:00,,Dining and Drinking,"Cafe, Coffee, and Tea House",86.0,12.0,nyc,Rec
328,90,40.77143374050618,-73.98247003555298,8697,Bar,2013-01-25 18:00:09+00:00,,Dining and Drinking,Bar,87.0,12.0,nyc,Rec
329,90,40.747744648563874,-73.9853024482727,10422,Coffee Shop,2013-01-25 18:00:09+00:00,,Dining and Drinking,"Cafe, Coffee, and Tea House",87.0,12.0,nyc,Rec
330,90,40.747706,-73.98625592857142,13674,Bar,2013-01-26 18:00:09+00:00,,Dining and Drinking,Bar,88.0,12.0,nyc,Rec
331,90,40.747925,-73.987047,12382,Spa / Massage,2013-01-26 18:00:09+00:00,,Business and Professional Services,Health and Beauty Service,88.0,12.0,nyc,Rec
332,90,40.748512,-73.988708,5524,Department Store,2013-01-26 18:00:09+00:00,,Retail,Department Store,88.0,12.0,nyc,Rec
333,90,40.76000064275873,-73.99648189544678,31717,Bar,2013-01-26 18:00:09+00:00,,Dining and Drinking,Bar,88.0,12.0,nyc,Rec
334,90,40.754018027698336,-73.98453241079356,4108,Bar,2013-01-27 18:00:09+00:00,,Dining and Drinking,Bar,89.0,12.0,nyc,Rec
335,90,40.75503606545005,-73.98651239017553,2776,Coffee Shop,2013-01-27 18:00:09+00:00,,Dining and Drinking,"Cafe, Coffee, and Tea House",89.0,12.0,nyc,Rec
336,90,40.74897024850466,-73.98947371253458,3893,Gym / Fitness Center,2013-01-27 18:00:09+00:00,,Sports and Recreation,Gym and Studio,89.0,12.0,nyc,Rec
337,90,40.74908484141689,-73.9903115977771,7507,Burrito Place,2013-01-28 18:00:09+00:00,,Dining and Drinking,Restaurant,90.0,12.0,nyc,Rec
338,90,40.748572,-73.9924751,7157,Caf�,2013-01-28 18:00:09+00:00,,Dining and Drinking,"Cafe, Coffee, and Tea House",90.0,12.0,nyc,Rec
339,90,40.73813869163153,-73.9907649725129,24614,Gym / Fitness Center,2013-01-28 18:00:09+00:00,,Sports and Recreation,Gym and Studio,90.0,12.0,nyc,Rec
340,90,40.74897024850466,-73.98947371253458,3893,Gym / Fitness Center,2013-01-29 18:00:09+00:00,,Sports and Recreation,Gym and Studio,91.0,13.0,nyc,Rec
341,90,40.745901560214506,-73.98814227092512,5949,Coffee Shop,2013-01-30 18:00:09+00:00,,Dining and Drinking,"Cafe, Coffee, and Tea House",92.0,13.0,nyc,Rec
342,90,40.74611901545656,-73.99307012557983,31835,Gym / Fitness Center,2013-01-31 18:00:09+00:00,,Sports and Recreation,Gym and Studio,93.0,13.0,nyc,Rec
343,90,40.74450047047283,-73.99849513376128,562,Bar,2013-02-01 18:00:09+00:00,,Dining and Drinking,Bar,94.0,13.0,nyc,Rec
344,90,40.74219660997072,-73.99499450544195,34039,Coffee Shop,2013-02-01 18:00:09+00:00,,Dining and Drinking,"Cafe, Coffee, and Tea House",94.0,13.0,nyc,Rec
345,90,40.759220487652186,-73.98880004882812,35300,Mexican Restaurant,2013-02-02 18:00:09+00:00,,Dining and Drinking,Restaurant,95.0,13.0,nyc,Rec
346,90,40.77143374050618,-73.98247003555298,8697,Bar,2013-02-02 18:00:09+00:00,,Dining and Drinking,Bar,95.0,13.0,nyc,Rec
347,90,40.74140750304299,-73.98843795061111,950,Burger Joint,2013-02-02 18:00:09+00:00,,Dining and Drinking,Restaurant,95.0,13.0,nyc,Rec
348,90,40.729395470403695,-73.98717237876596,17156,Bar,2013-02-02 18:00:09+00:00,,Dining and Drinking,Bar,95.0,13.0,nyc,Rec
349,90,40.728279,-73.992795,938,Gym / Fitness Center,2013-02-03 18:00:09+00:00,,Sports and Recreation,Gym and Studio,96.0,13.0,nyc,Rec
350,90,40.755404,-73.979639,7917,Coffee Shop,2013-02-03 18:00:09+00:00,,Dining and Drinking,"Cafe, Coffee, and Tea House",96.0,13.0,nyc,Rec
351,90,40.74939032832351,-73.98286232535908,579,Bar,2013-02-03 18:00:09+00:00,,Dining and Drinking,Bar,96.0,13.0,nyc,Rec
352,90,40.74907894406079,-73.98399867372817,5873,Coffee Shop,2013-02-05 18:00:09+00:00,,Dining and Drinking,"Cafe, Coffee, and Tea House",98.0,14.0,nyc,Rec
353,90,40.7274539008228,-73.98476600646973,360,Caf�,2013-02-06 18:00:09+00:00,,Dining and Drinking,"Cafe, Coffee, and Tea House",99.0,14.0,nyc,Rec
354,90,40.727421378631895,-73.98279190063477,953,Caf�,2013-02-06 18:00:09+00:00,,Dining and Drinking,"Cafe, Coffee, and Tea House",99.0,14.0,nyc,Rec
355,90,40.73653170754329,-73.9908281005557,275,Diner,2013-02-07 18:00:09+00:00,,Dining and Drinking,Restaurant,100.0,14.0,nyc,Rec
356,90,40.73714480561841,-73.99020552635193,4784,Mexican Restaurant,2013-02-07 18:00:09+00:00,,Dining and Drinking,Restaurant,100.0,14.0,nyc,Rec
357,90,40.75966677805516,-73.97619331719345,21632,Spa / Massage,2013-02-07 18:00:09+00:00,,Business and Professional Services,Health and Beauty Service,100.0,14.0,nyc,Rec
358,90,40.73709857380555,-73.99039768167009,3849,Coffee Shop,2013-02-07 18:00:09+00:00,,Dining and Drinking,"Cafe, Coffee, and Tea House",100.0,14.0,nyc,Rec
359,90,40.67956402987482,-73.98416519165039,4141,Gym / Fitness Center,2013-02-08 18:00:09+00:00,,Sports and Recreation,Gym and Studio,101.0,14.0,nyc,Rec
360,90,40.729395470403695,-73.98717237876596,17156,Bar,2013-02-08 18:00:09+00:00,,Dining and Drinking,Bar,101.0,14.0,nyc,Rec
361,90,40.74028677076597,-74.00718330199486,7511,Bar,2013-02-08 18:00:09+00:00,,Arts and Entertainment,Night Club,101.0,14.0,nyc,Rec
362,90,40.734658568881166,-74.00061843452929,2273,Coffee Shop,2013-02-10 18:00:09+00:00,,Dining and Drinking,"Cafe, Coffee, and Tea House",103.0,14.0,nyc,Rec
363,90,40.73870968932576,-73.99559676647186,29482,Gym / Fitness Center,2013-02-10 18:00:09+00:00,,Sports and Recreation,Gym and Studio,103.0,14.0,nyc,Rec
